#Dataset: Monthly information aggregated on IPCC reference regions for CMIP5/6 and CORDEX
#Reference: https://doi.org/10.5194/essd-12-2959-2020
#Project: CMIP6
#Experiment: historical
#Model: MRI-ESM2-0_r1i1p1f1
#Variable: pr
#Variable_longname: mean daily precipitation
#Units: mm/day
#Time_frequency: month
#Feature_type: regional mean time series
#Regions: IPCC-WGI-reference-regions-v4
#Area: land and sea
#Spatial_resolution: 1 degrees
#Interpolation_method: cdo remapcon
#Creation_Date: 2021-04-15
"date","GIC","NWN","NEN","WNA","CNA","ENA","NCA","SCA","CAR","NWS","NSA","NES","SAM","SWS","SES","SSA","NEU","WCE","EEU","MED","SAH","WAF","CAF","NEAF","SEAF","WSAF","ESAF","MDG","RAR","WSB","ESB","RFE","WCA","ECA","TIB","EAS","ARP","SAS","SEA","NAU","CAU","EAU","SAU","NZ","EAN","WAN","ARO","NPO","EPO","SPO","NAO","EAO","SAO","ARS","BOB","EIO","SIO","SOO","world"
"1850-01",1.833,2.321,1.145,4.039,0.854,2.629,2.773,1.489,1.202,7.212,5.277,6.627,12.574,1.475,4.684,2.439,2.568,1.304,1.661,2.03,0.097,0.024,3.616,1.158,7.773,2.82,6.614,8.68,0.661,1.13,0.279,1.103,1.452,0.148,1.507,2.163,0.541,0.748,6.595,4.367,0.894,2.187,1.033,2.573,0.697,0.963,0.792,3.202,6.889,2.997,3.57,3.926,1.675,0.554,0.616,7.711,1.842,2.597,3.008
"1850-02",1.749,1.208,1.008,4.992,2.702,5.14,3.694,0.634,1.643,5.841,4.25,10.216,14.398,2.161,3.105,2.814,3.095,2.43,2.632,0.915,0.065,0.025,2.38,2.396,8.5,3.808,5.963,8.765,0.56,2.031,0.846,1.247,1.748,0.123,1.071,2.284,0.749,1.424,6.15,8.732,2.709,1.639,1.293,2.202,0.858,1.482,0.733,2.441,6.219,3.456,3.032,3.274,1.874,0.292,0.309,6.776,2.105,2.619,3.025
"1850-03",2.02,1.448,0.957,4.44,2.874,4.412,1.726,0.641,0.878,8.14,6.353,7.124,10.292,1.633,4.01,2.583,2.654,1.32,1.597,1.233,0.099,0.642,3.771,1.007,4.644,2.613,4.448,5.629,0.984,0.957,0.526,0.771,2.369,0.495,1.838,3.063,0.664,0.877,6.791,3.457,0.784,1.028,1.399,2.83,0.936,1.286,0.83,2.099,6.643,3.926,2.443,3.958,2.086,0.043,0.047,4.966,3.565,2.926,2.979
"1850-04",1.845,1.399,1.018,2.939,3.616,4.244,1.046,1.435,1.393,8.552,9.648,3.547,4.001,2.521,2.419,2.776,2.214,2.581,1.821,1.313,0.215,1.335,5.654,1.716,3.867,0.277,1.854,4.269,0.807,1.421,1.002,1.172,2.101,0.852,2.408,3.019,0.379,0.735,8.306,1.222,0.05,1.569,1.148,2.733,1.006,1.68,0.584,1.79,7.47,3.509,2.243,6.167,1.895,0.002,0.843,7.166,3.05,3.052,2.989
"1850-05",1.679,1.721,1.416,3.378,4.057,2.711,1.343,3.844,3.041,7.877,9.869,1.654,0.748,4.311,1.175,3.331,1.966,3.304,2.373,1.671,0.32,4.488,4.864,3.453,6.367,0.437,1.211,1.602,1.308,1.665,1.789,1.662,1.609,1.402,3.068,4.09,0.415,1.551,8.274,0.451,0.19,1.054,1.402,2.691,0.635,1.329,0.754,2.251,7.036,3.113,1.729,7.674,2.391,0.096,2.729,8.465,1.821,3.244,3.062
"1850-06",1.499,1.988,1.852,2.85,3.36,5,1.382,10.003,5.44,5.023,8.146,0.957,0.413,3.097,2.08,2.216,1.625,3.599,2.805,1.152,0.414,7.383,3.406,2.429,1.584,0.703,1.315,2.068,1.28,1.94,2.555,2.079,0.725,1.775,3.49,6.513,0.067,2.409,7.052,0.388,0.831,2.656,3.078,4.229,0.858,1.601,0.696,3.459,4.413,3.128,1.822,5.45,2.353,2.991,5.94,8.721,1.472,3.089,3.087
"1850-07",1.49,2.591,2.18,2.393,3.533,4.011,3.202,11.446,3.767,4.665,6.849,0.523,0.282,2.659,1.812,2.324,2.54,2.633,2.527,0.591,0.362,6.673,2.339,2.519,0.812,0.372,0.92,1.368,1.962,1.778,3.457,3.42,0.371,1.013,6.07,6.612,0.108,7.269,8.703,0.36,0.631,1.057,2.857,3.496,0.8,1.291,1.36,4.229,4.345,3.068,2.553,2.769,2.212,3.521,10.139,5.622,1.34,2.774,3.13
"1850-08",2.056,2.967,2.243,1.708,3.334,3.882,2.895,8.356,3.287,4.058,4.074,0.543,1.264,2.803,1.654,2.427,2.909,2.548,2.016,0.407,0.24,6.572,3.893,2.54,0.817,0.257,0.358,0.762,1.852,1.58,2.996,3.003,0.249,0.832,6.13,6.65,0.022,6.798,8.039,0.185,0.239,1.631,1.913,2.735,0.572,1.388,1.038,5.415,3.685,3.157,3.143,0.911,2.467,3.005,9.702,3.986,0.89,2.941,3.066
"1850-09",1.42,2.594,3.087,1.327,3.553,3.471,5.883,10.66,5.106,7.302,5.794,1.054,3.974,2.474,2.743,2.599,3.264,2.908,2.218,0.514,0.074,4.54,4.524,2.568,1.922,0.367,0.515,0.55,1.854,1.338,1.773,2.511,0.105,0.46,3.026,5.067,0.035,3.967,8.024,0.143,0.332,0.907,1.905,3.323,0.608,1.248,0.938,5.143,3.611,2.604,2.874,1.854,2.035,0.532,5.749,5.145,0.989,2.584,2.942
"1850-10",2.094,2.696,1.967,1.327,2.867,3.078,5.587,6.721,3.752,8.915,6.883,1.955,5.264,3.16,2.752,2.692,3.597,1.863,2.03,1.304,0.126,3.554,5.77,2.693,4.596,0.803,1.291,0.777,1.831,1.111,1.257,2.498,1.085,0.286,1.73,2.218,0.163,3.283,5.819,0.169,0.152,0.526,1.052,2.686,0.659,1.103,1.337,5.585,4.384,2.464,3.83,2.664,1.945,1.435,7.416,6.091,0.844,2.594,2.981
"1850-11",2.11,2.432,1.309,3.861,2.579,3.792,2.931,4.227,1.899,8.914,7.545,1.928,9.837,1.635,4.815,2.425,2.908,2.621,1.93,2.835,0.044,0.939,6.641,3.896,9.052,2.115,2.579,2.221,0.968,1.19,0.953,1.661,2.822,0.425,1.242,2.197,0.511,0.58,6.123,0.301,0.235,1.355,1.343,2.368,0.7,1.009,0.733,4.598,5.086,2.347,3.766,3.733,1.821,1.39,5.156,5.274,1.333,2.438,2.952
"1850-12",1.803,1.648,1.168,4.625,1.481,4.293,0.787,2.067,1.705,6.703,6.517,7.377,12.397,1.777,3.901,2.943,2.845,3.122,2.076,2.154,0.068,0.071,4.538,1.625,10.337,1.836,6.417,5.874,0.742,1.778,0.657,1.849,1.909,0.207,0.426,1.406,0.709,1.028,7.582,2.259,0.346,1.027,1.161,2.785,0.65,0.983,0.614,3.787,5.763,2.772,3.089,4.345,1.724,1.437,4.209,7.841,1.499,2.187,2.984
"1851-01",1.812,1.864,0.859,1.978,1.405,3.759,2.069,0.832,1.348,3.773,3.793,11,15.862,1.971,3.366,2.594,2.372,3.303,1.641,2.855,0.067,0.013,3.244,0.692,6.54,3.454,6.098,7.785,0.506,0.755,0.395,1.449,2.533,0.334,1.141,2.228,0.283,0.876,6.589,2.671,0.63,0.919,1.185,2.213,0.566,1.07,0.499,3.379,6.368,2.986,3.691,3.275,2.046,0.365,0.798,9.799,1.762,2.413,2.997
"1851-02",1.673,1.886,0.963,2.749,2.583,3.399,3.414,1.437,1.085,7.157,4.003,8.026,13.655,1.914,3.612,2.378,2.465,3.053,2.25,2.291,0.022,0.082,2.646,1.174,5.849,3.49,5.879,8.962,0.675,0.851,0.448,1.034,2.339,0.383,1.396,2.362,0.152,0.729,6.246,4.89,0.384,0.879,1.087,2.822,0.821,1.579,0.418,2.502,7.265,3.776,3.143,2.621,1.948,0.239,0.183,7.38,2.425,2.709,3.034
"1851-03",1.361,1.636,1.033,3.137,2.21,3.362,1.584,0.321,0.694,8.452,4.845,8.149,12.251,2.529,3.007,3.066,2.439,1.818,2.017,1.415,0.106,0.482,4.359,1.649,6.527,1.63,4.299,5.089,0.545,1.08,0.547,1.142,1.834,0.961,1.416,2.824,0.229,0.486,7.012,5.05,1.528,2.346,1.311,2.203,1.027,1.253,0.683,2.283,6.923,3.418,2.89,3.483,2.457,0.108,0.029,6.294,2.628,2.979,2.98
"1851-04",1.852,1.636,1.109,3.271,3.108,3.667,1.282,0.41,0.904,8.945,7.516,6.316,6.133,2.973,3.873,2.74,1.939,1.634,2.284,1.52,0.081,1.29,4.894,1.741,5.445,1.112,2.322,3.691,0.914,1.476,0.908,1.002,2.294,1.016,2.15,3.511,0.863,0.556,8.41,2.648,0.26,1.676,1.453,3.31,0.955,1.878,0.639,1.729,7.208,3.522,1.946,5.668,2.475,0.016,0.274,6.987,1.987,3.199,3.001
"1851-05",1.108,1.932,1.249,2.615,4.275,4.538,1.104,2.491,1.202,7.436,8.025,3.79,1.134,3.388,1.958,2.838,1.607,2.72,2.5,1.07,0.27,3.436,4.584,3.619,6.245,0.642,1.144,2.003,0.874,2.02,1.867,2.093,2.036,1.332,3.975,3.847,0.774,1.096,7.88,0.736,0.091,0.914,1.784,3.192,0.883,1.695,0.482,2.011,6.984,3.149,1.832,7.425,2.46,0.01,1.755,8.717,1.511,3.134,2.99
"1851-06",1.25,1.436,2.073,3.343,5.019,4.048,1.967,8.054,3.692,5.355,8.308,1.195,0.283,5.38,1.084,3.183,2.282,2.362,2.517,1.258,0.547,7.899,3.754,2.188,2.399,0.724,0.948,0.784,1.57,1.834,2.158,2.413,1.317,1.285,3.994,5.826,0.067,1.853,7.097,0.565,0.247,1.107,1.565,3.607,0.696,1.398,0.722,3.461,5.04,3.137,1.753,8.034,2.297,2.806,5.611,7.926,1.122,3.19,3.086
"1851-07",1.773,2.84,2.313,2.125,3.365,4.166,3.253,10.895,4.201,4.282,6.798,0.745,0.344,3.474,1.968,2.407,2.043,2.407,2.578,1.107,0.433,8.56,3.565,2.902,1.323,0.76,0.589,0.599,1.754,2.213,2.727,2.75,0.598,1.117,5.247,6.767,0.016,7.494,7.289,0.383,0.149,2.165,1.83,2.924,0.842,1.362,0.86,4.44,4.615,2.914,2.558,3.541,1.949,6.063,7.477,4.579,1.121,2.958,3.124
"1851-08",1.512,2.682,2.473,1.743,2.618,4.479,2.39,9.747,4.806,5.041,4.969,0.392,0.496,3.472,1.913,3.306,2.917,2.215,2.913,0.544,0.224,7.607,4.45,2.798,1.162,0.398,0.739,0.905,2.109,1.913,2.376,2.77,0.458,1.098,5.919,6.219,0.019,7.181,6.833,0.105,0.153,0.695,1.883,3.658,0.629,1.405,1.025,5.243,4.011,2.771,3.41,1.447,2.272,4.375,10.47,3.508,0.909,2.844,3.064
"1851-09",2.44,2.72,2.172,1.749,2.894,4.133,4.086,8.283,4.127,6.197,5.36,0.49,1.313,1.735,3.005,2.166,3.285,2.869,1.636,0.962,0.128,5.343,4.946,2.811,2.213,0.681,1.103,1.144,1.987,1.602,1.913,2.596,0.29,0.54,3.197,4.256,0.085,5.914,6.951,0.046,0.066,0.164,2.481,3.287,0.571,1.517,1.075,5.599,3.516,2.686,3.939,1.852,1.819,3.292,8.86,2.928,1.086,2.586,2.974
"1851-10",1.776,3.255,1.897,0.982,1.978,3.504,3.387,9.192,5.483,8.596,6.077,1,5.638,1.999,3.634,2.723,2.832,2.813,1.669,2.328,0.14,4.338,6.153,6.647,6.989,1.056,1.159,1.738,1.325,2.055,1.472,2.761,1.618,0.324,1.46,1.884,0.846,2.638,5.267,0.233,0.137,0.695,1.266,2.949,0.777,1.01,0.864,5.391,3.487,2.426,4.278,2.407,2.13,2.806,8.167,4.813,1.154,2.354,2.967
"1851-11",1.636,2.078,1.586,3.924,2.138,4.796,2.376,5.399,2.204,7.54,6.839,2.234,9.324,1.702,2.903,2.639,3.689,3.306,1.991,2.273,0.123,1.369,6.855,5.643,8.863,1.503,3.443,3.667,0.933,1.762,0.962,2.388,2.398,0.634,1.2,2.612,0.9,0.897,6.225,0.345,0.256,1.14,1.276,2.717,0.681,1.127,0.701,4.753,5.108,2.661,3.423,3.475,1.948,4.499,4.875,4.368,1.168,2.271,3
"1851-12",2.388,1.953,1.809,4.767,1.58,3.959,1.604,1.983,2.569,5.735,6.074,2.957,10.912,2.307,5.521,2.258,2.695,1.572,1.932,3.126,0.09,0.198,4.266,1.383,10.414,3.667,6.573,5.667,0.621,1.778,0.689,2.116,1.74,0.388,1.199,2.356,0.183,0.709,5.975,1.258,0.676,0.861,0.918,2.361,0.535,1.126,0.639,3.928,5.427,2.909,3.21,3.883,1.681,2.046,0.809,11.191,1.152,2.342,2.999
"1852-01",1.778,2.043,1.206,3.7,1.692,3.509,2.975,1.393,1.958,6.601,5.078,6.646,13.753,2.008,4.275,2.503,1.992,2.918,1.477,2.839,0.019,0.026,3.132,0.386,5.578,4.163,8.518,7.406,0.635,0.43,0.386,1.409,1.509,0.315,1.362,2.347,0.178,0.444,7.474,6.516,1.8,2.653,1.491,2.957,0.654,1.074,0.706,3.344,5.583,3.116,2.861,4.205,1.675,0.459,0.257,9.573,1.643,2.488,3.038
"1852-02",2.6,1.925,1.009,3.859,1.647,2.644,3.754,1.288,0.919,5.519,4.932,8.473,12.212,1.826,3.231,2.315,2.391,2.437,1.511,2.191,0.028,0.107,3.114,0.621,4.417,3.161,6.893,10.637,0.434,1.432,0.513,0.975,1.728,0.318,1.405,2.011,0.142,0.364,5.946,10.063,1.678,3.278,1.024,2.304,0.769,1.304,0.355,3.093,5.014,3.578,2.844,3.259,2.307,0.652,0.277,7.401,2.942,2.699,2.998
"1852-03",1.989,1.586,0.946,3.17,2.237,3.085,2.389,0.573,0.798,6.903,6.549,11.082,10.485,2.142,2.949,3.282,2.505,1.573,2.134,1.601,0.098,0.374,4.491,1.615,5.2,2.292,2.625,7.111,0.907,1.46,0.772,1.201,1.836,0.632,1.85,2.139,0.246,0.848,7.243,8.111,0.659,0.767,1.187,2.276,0.868,1.499,0.817,2.45,5.856,3.742,2.526,4.574,1.929,0.16,0.12,6.241,2.851,2.839,2.998
"1852-04",1.809,1.287,1.346,3.98,3.579,4.731,1.164,1.365,0.59,7.306,7.168,6.542,6.076,2.209,2.314,2.345,1.863,1.985,2.346,1.312,0.247,2.556,5.036,1.817,4.922,0.615,1.577,3.759,1.045,1.691,0.902,0.807,1.915,0.922,2.21,2.96,0.347,0.914,7.559,1.569,0.053,0.969,1.196,3.681,0.858,1.605,0.543,2.13,5.687,3.756,1.986,7.633,2.172,0.006,0.071,7.597,2.78,3.14,2.967
"1852-05",1.332,1.09,1.362,3.538,3.081,3.971,1.243,3.88,1.952,7.932,8.524,1.688,1.069,3.526,1.454,3.533,1.91,2.767,2.726,1.149,0.239,3.362,4.832,2.622,4.83,0.921,1.23,1.173,1.084,1.69,1.592,1.76,1.584,1.308,3.394,3.756,0.253,1.22,7.998,0.34,0.133,1.096,1.726,3.334,0.926,1.102,0.678,2.879,5.958,3.667,1.476,9.17,2.22,0.041,1.844,7.166,1.556,3.071,3.008
"1852-06",1.302,2,1.49,2.783,4.808,4.034,2.625,10.333,3.585,4.556,7.652,0.818,0.275,2.158,0.876,2.84,2.076,2.454,1.986,1.684,0.674,7.378,3.959,3.747,2.617,0.683,0.751,1.539,1.631,1.614,2.819,2.239,1.197,1.165,3.953,5.099,0.107,1.424,6.68,0.133,0.26,0.629,2.556,3.668,0.878,1.085,0.846,4.039,4.622,3.177,1.961,6.412,2.314,2.798,2.974,7.395,1.874,3.113,3.084
"1852-07",1.154,2.564,2.623,1.872,3.24,3.934,3.856,11.034,4.408,4.031,6.618,0.55,0.254,2.395,1.298,2.872,3.148,2.548,2.45,0.719,0.306,7.661,2.687,3.145,0.904,0.363,1.018,0.983,2.042,2.441,3.023,3.158,0.565,1.527,5.949,6.446,0.049,5.506,8.095,0.14,0.285,1.613,2.288,3.209,0.773,1.152,0.912,4.434,3.848,3.083,2.523,2.978,2.253,4.716,5.914,7.611,1.079,3.069,3.138
"1852-08",1.506,2.963,2.353,1.334,3.627,4.382,2.932,8.856,3.749,5.276,5.758,0.423,0.278,2.03,1.808,2.326,2.677,2.619,2.259,0.354,0.243,7.412,3.719,2.635,0.983,0.259,0.871,0.735,1.695,1.685,3.44,3.618,0.424,0.682,5.049,6.199,0.029,5.809,7.001,0.146,0.307,1.468,1.592,3.658,0.722,1.337,1.212,5.459,3.857,2.713,3.15,1.683,1.88,2.058,7.85,6.225,0.986,2.911,3.06
"1852-09",2.006,2.969,2.63,1.632,1.843,4.327,2.725,7.735,4.99,6.51,5.523,0.641,2.854,2.084,2.404,2.084,3.564,2.21,1.385,0.754,0.083,4.497,4.184,2.256,1.066,0.415,0.529,0.591,1.863,0.764,2.083,2.613,0.495,0.725,2.313,4.137,0.049,3.227,6.475,0.07,0.106,0.425,1.777,2.953,0.761,1.557,1.079,6.321,3.49,2.608,3.663,1.503,1.924,0.643,4.784,6.322,0.831,2.645,2.956
"1852-10",2.193,2.694,1.848,0.949,1.017,2.489,4.199,7.181,4.837,8.238,4.371,1.217,5.554,2.115,3.72,2.31,3.541,2.223,1.305,2.054,0.183,4.195,5.229,1.847,2.932,0.968,1.554,1.002,1.498,1.567,1.259,2.791,1.664,0.664,0.794,3.163,0.179,1.514,6.551,0.23,0.757,1.33,1.717,3.102,0.849,0.968,1.136,5.091,3.719,2.234,4.436,1.857,2.085,2.796,6.474,7.401,1.236,2.401,2.912
"1852-11",2.66,3.099,1.682,1.74,1.952,3.707,3.189,4.133,2.152,8.468,5.565,1.745,8.935,0.947,4.462,1.85,2.83,2.413,1.551,2.84,0.042,0.813,4.938,0.919,6.04,1.858,3.575,2.109,0.896,1.456,0.71,2.594,1.426,0.475,1.039,1.884,0.164,1.071,6.515,0.629,0.387,1.979,1.258,3.008,0.626,1.019,0.663,5.036,4.628,2.581,3.547,3.429,1.892,2.704,8.201,10.3,1.021,2.349,2.993
"1852-12",1.885,2.241,1.102,4.037,1.514,2.844,3.091,1.11,0.938,6.001,5.421,6.32,12.565,2.434,4.371,2.738,3.431,2.971,1.387,2.179,0.022,0.104,3.862,0.667,7.912,2.619,5.535,4.39,0.614,0.641,0.341,1.511,2.139,0.521,0.558,3.242,0.25,0.143,7.086,0.827,0.43,1.03,1.002,2.326,0.606,0.961,0.588,3.812,6.234,3.023,3.597,3.672,1.856,0.396,0.598,10.166,1.151,2.324,2.998
"1853-01",2.154,2.259,1.344,3.756,1.105,3.803,0.951,1.23,1.964,7.211,5.479,6.742,11.203,2.04,5.173,2.548,3.402,1.474,1.594,1.912,0.101,0.029,3.686,0.186,6.985,3.973,7.573,5.706,0.566,1.148,0.422,1.345,1.667,0.306,0.573,1.936,0.217,0.029,9.571,4.869,0.765,1.431,1.185,2.8,0.599,1.005,0.928,3.045,5.449,3.081,2.825,3.962,1.629,0.276,0.19,9.592,1.7,2.434,2.993
"1853-02",2.057,1.781,1.186,1.896,1.201,2.839,1.979,1.184,1.453,5.187,5.751,7.705,13.778,2.129,4.023,2.907,4.109,2.096,1.959,1.431,0.097,0.049,3.762,0.417,6.167,5.329,6.233,8.71,0.963,0.834,0.484,1.038,1.994,0.472,2.559,2.364,0.074,0.68,7.229,6.16,1.771,1.647,0.756,2.884,0.667,1.469,0.716,2.823,4.774,3.503,2.647,4.617,1.828,0.111,0.161,7.929,2.568,2.659,2.983
"1853-03",2.349,2.002,1.166,3.381,1.92,3.137,1.348,0.687,0.914,6.926,5.849,9.624,11.291,2.19,2.883,3.123,2.562,1.805,1.774,1.651,0.07,0.227,4.181,0.634,3.546,3.031,2.559,4.795,0.627,1.285,0.781,1.235,2.326,0.789,1.663,2.234,0.169,0.467,6.85,8.882,1.452,1.525,0.953,2.735,1.11,1.377,0.754,2.662,4.335,4.091,2.364,4.882,2.157,0.128,0.341,5.552,3.507,2.833,2.963
"1853-04",1.688,1.482,1.518,2.665,2.207,3.174,1.306,1.851,0.673,9.012,6.791,6.475,8.736,2.309,3.131,2.921,2.09,2.21,2.235,1.481,0.142,1.54,4.955,1.385,2.856,1.059,3.06,4.917,1.016,0.999,0.902,1.63,2.468,0.81,2.401,3.204,0.254,0.793,7.594,2.609,0.144,0.842,1.264,3.301,0.874,1.659,0.918,2.62,3.997,3.95,1.7,6.89,2.297,0.101,0.879,6.063,2.786,3.062,2.918
"1853-05",1.289,1.385,1.518,3.272,3.603,3.984,1.424,3.729,1.141,6.886,9.271,2.735,1.22,3.113,0.984,2.906,1.724,1.974,1.969,1.646,0.239,4.254,5.55,4.454,4.819,0.476,1.935,2.315,1.418,1.716,1.697,1.493,2.524,1.28,2.422,2.867,0.429,0.678,8.345,0.323,0.102,0.54,1.85,2.607,0.719,1.424,0.782,3.698,3.234,3.971,1.677,8.097,1.986,0.138,2.585,6.19,2.527,3.04,2.982
"1853-06",1.844,2.325,1.724,2.329,3.786,4.04,2.755,9.266,1.936,5.607,8.689,1.609,0.387,3.362,1.406,2.889,2.018,3.166,2.286,1.317,0.547,6.806,3.531,2.756,1.294,0.829,0.876,1.232,1.665,1.451,2.692,2.407,1.033,1.363,3.675,6.363,0.073,2.303,7.402,0.482,0.89,1.526,2.426,4.301,0.971,1.418,0.774,4.272,2.901,3.549,1.539,7.19,2.244,3.526,1.493,6.061,2.314,2.986,3.091
"1853-07",1.652,2.604,2.274,1.589,3.216,3.858,3.169,8.717,2.923,5.085,6.895,0.701,0.443,3.509,1.975,2.474,2.453,2.944,2.558,0.47,0.112,6.269,2.31,2.97,0.929,0.671,0.93,0.998,1.702,2.178,3.6,3.308,0.472,0.737,6.505,6.534,0.164,6.866,6.446,0.178,0.356,0.537,2.688,3.705,0.825,1.171,1.026,4.907,2.724,3.178,2.231,2.723,1.872,3.543,8.456,9.51,1.378,2.988,3.071
"1853-08",1.704,3.029,2.5,1.315,2.197,4.074,3.113,6.54,3.905,4.739,4.668,0.484,0.699,2.297,1.733,2.597,2.436,2.827,1.933,0.223,0.182,7.907,3.366,2.947,0.842,0.354,0.474,0.671,2.298,1.741,2.752,3.971,0.293,1.585,6.483,5.572,0.071,7.52,7.337,0.191,1.36,4.468,1.678,3.275,0.78,1.509,1.326,5.718,2.246,3.055,2.864,1.221,1.858,2.815,10.133,6.952,1.393,2.854,3.055
"1853-09",2.3,3.45,2.616,1.6,1.95,3.475,4.457,8.753,3.486,7.599,4.064,0.34,2.705,2.663,2.809,1.983,2.964,2.33,1.693,0.746,0.029,3.492,3.839,1.763,1.425,0.468,0.341,0.471,2.034,1.209,2.213,2.884,0.274,0.726,3.342,3.219,0.021,5.54,8.124,0.153,0.221,0.638,1.1,2.628,0.634,1.332,0.988,5.899,2.506,2.724,3.416,1.596,2.283,1.459,10.15,6.305,0.765,2.688,2.943
"1853-10",2.573,2.751,2.368,2.212,1.993,3.653,1.87,7.509,4.372,7.898,6.014,1.332,6.545,1.799,3.231,2.672,2.956,1.917,1.652,1.693,0.077,2.682,5.055,2.714,2.797,1.717,1.366,1.353,1.414,1.534,1.407,2.794,1.171,0.545,1.524,2.293,0.186,2.024,7.219,0.191,0.419,0.725,1.255,2.512,0.866,0.88,0.974,5.759,2.736,2.502,4.266,1.637,1.93,1.212,6.755,7.815,1.086,2.5,2.949
"1853-11",1.61,2.497,1.601,3.923,2.244,3.269,3.025,4.801,2.087,8.433,6.061,2.351,10.056,1.141,4.66,2.073,3.389,3.601,2.859,1.364,0.03,0.576,4.749,1.604,6.86,1.534,3.743,2.962,0.894,2.001,0.939,2.309,1.031,0.319,0.464,1.942,0.046,1.054,7.182,0.579,0.487,1.606,0.943,2.311,0.751,0.988,0.602,5.474,2.713,2.714,3.209,2.738,1.859,1.607,6.918,11.308,1.051,2.46,2.959
"1853-12",1.559,2.52,1.129,4.196,1.994,3.878,2.039,2.092,1.486,7.862,5.294,5.894,12.171,1.964,4.256,2.593,2.701,3.283,1.881,2.966,0.037,0.093,3.408,0.38,6.025,2.156,5.51,5.224,0.509,1.216,0.515,2.052,1.107,0.368,0.18,2.295,0.197,0.578,8.307,0.793,0.493,2.318,1.367,2.968,0.551,0.805,0.625,4.49,4.069,3.068,3.259,3.591,1.803,1.474,1.689,10.168,1.456,2.399,3
"1854-01",1.591,1.798,0.977,5.821,1.736,4.182,1.199,0.664,1.332,5.519,3.894,7.757,13.503,2.752,4.606,2.921,3.059,3.216,1.762,2.122,0.008,0.004,3.324,0.275,5.225,3.181,6.331,5.689,0.545,1.067,0.483,1.602,0.839,0.267,0.351,1.322,0.078,0.274,9.381,7.219,1.517,2.497,1.256,2.45,0.49,0.848,0.671,3.62,4.151,3.184,2.986,4.019,1.831,1.556,1.195,9.517,1.905,2.428,2.992
"1854-02",2.15,2.547,1.082,2.116,1.251,2.694,0.647,0.793,1.107,6.992,5.014,6.964,10.653,2.063,5.002,2.577,2.079,2.508,1.328,2.588,0.016,0.133,2.618,0.055,3.088,3.82,7.45,10.174,0.458,0.812,0.408,1.291,2.104,0.335,1.715,1.819,0.023,0.281,7.99,10.312,1.005,2.015,1.006,3.049,0.953,1.144,0.544,3.367,4.732,3.438,2.813,3.662,1.725,0.149,0.305,8.382,2.551,2.667,3.02
"1854-03",1.972,1.546,0.864,1.612,3.327,3.214,2.586,0.569,0.588,6.745,6.64,7.411,8.127,1.634,3.938,2.768,1.274,2.418,1.917,2.796,0.134,0.715,4.539,1.006,3.776,3.018,3.887,4.958,0.533,1.545,0.848,1.854,1.507,0.662,1.569,2.055,0.23,0.427,5.879,4.683,0.956,4.411,1.227,2.835,0.866,1.829,0.694,3.019,4.72,3.941,2.307,4.505,2.181,0.069,0.063,5.464,3.406,3.031,2.935
"1854-04",1.817,1.429,1.488,3.305,1.93,3.444,1.519,1.778,1.378,5.802,7.2,6.844,4.411,1.804,2.176,2.586,2.017,2.036,1.361,1.781,0.205,2.714,6.12,3.085,4.223,1.004,1.386,4.771,0.7,0.869,0.762,1.746,2.796,1.418,2.68,3.029,0.842,0.804,6.211,4.246,0.58,1.215,1.512,3.407,0.875,1.629,0.543,2.971,4.526,3.798,1.89,6.834,2.367,0.113,0.088,5.841,2.22,2.877,2.898
"1854-05",1.731,1.728,1.805,2.324,2.995,3.324,1.475,2.947,2.48,7.273,8.004,2.693,1.537,3.264,2.31,2.62,1.306,2.271,1.861,1.541,0.127,3.865,5.073,3.112,4.209,0.463,1.294,1.543,1.037,2.165,1.886,1.633,1.298,1.659,2.473,3.653,0.14,0.605,7.009,0.974,0.363,0.619,1.781,3.115,0.8,1.389,0.777,3.242,4.496,3.852,1.885,7.221,2.264,0.572,0.706,8.449,2.186,3.287,2.998
"1854-06",1.881,2.12,1.856,2.091,4.222,3.829,3.17,8.193,1.851,5.615,8.514,1.043,0.327,4.082,1.54,2.984,1.275,3.217,1.579,1.744,0.279,6.296,2.9,2.239,1.169,0.521,1.155,1.241,1.719,2.19,2.503,1.715,0.867,1.209,3.664,5.877,0.062,3.186,8.528,0.405,0.794,2.929,1.933,4.695,0.621,1.227,0.936,4.445,3.314,3.304,1.754,5.68,2.351,4.118,6.582,6.716,1.327,3.049,3.081
"1854-07",1.726,2.579,2.441,1.124,2.664,4.398,2.869,8.233,2.862,5.738,6.857,0.657,1.185,2.671,2.251,2.365,1.797,3.486,2.18,0.758,0.285,7.535,3.154,2.58,0.992,0.452,1.337,1.733,1.747,1.464,3.555,2.016,0.627,1.504,6.237,7.289,0.048,5.246,7.24,0.185,0.274,1.012,2.237,4.394,0.936,1.339,1.163,4.711,3.836,3.026,2.14,2.289,2.6,1.737,3.869,5.857,1.186,2.829,3.042
"1854-08",1.715,2.801,2.258,1.045,2.315,4.475,2.5,7.509,2.827,5.044,5.97,0.555,0.53,1.942,1.87,2.325,3.206,3.283,2.117,0.388,0.175,7.077,3.951,2.709,1.149,0.448,0.396,0.568,1.834,1.396,3.048,2.843,0.296,0.943,5.385,4.972,0.047,6.83,7.386,0.083,0.161,0.645,2.278,3.425,0.691,1.046,1.303,5.626,4.08,2.951,2.737,1.82,1.875,2.156,10.804,4.765,0.892,3.016,3.056
"1854-09",2.16,3.089,2.063,1.86,3.613,4.589,5.401,7.395,3.93,6.936,4.694,0.587,3.181,1.693,3.783,2.267,2.356,2.948,2.451,0.947,0.117,4.279,4.354,3.586,2.316,0.396,0.809,0.409,1.481,1.853,1.869,2.864,0.238,0.586,3.318,3.487,0.1,3.9,5.736,0.085,0.029,0.241,1.634,2.738,0.51,1.252,1.247,6.614,3.729,2.454,3.765,1.546,2.067,1.914,7.566,3.613,0.928,2.773,2.989
"1854-10",1.999,2.477,1.807,2.985,3.3,3.088,4.13,6.677,4.302,8.451,5.204,1.836,7.65,2.086,4.263,2.789,3.066,2.088,1.54,1.845,0.145,4.36,7.02,7.605,7.219,1.369,2.034,0.991,1.473,1.716,1.44,2.805,1.52,0.462,1.66,1.794,0.866,2.016,4.985,0.035,0.11,0.365,1.362,3.263,0.663,1.128,1.003,5.395,4.07,2.499,3.852,1.792,2.03,3.505,6.041,4.104,1.143,2.518,2.966
"1854-11",2.134,1.79,1.543,5.195,2.524,4.766,2.279,4.275,2.718,9.238,5.365,2.273,9.035,1.959,3.506,2.838,2.884,2.313,1.671,2.966,0.066,2.184,6.083,2.736,9.621,2.183,4.077,3.78,1.106,1.428,0.882,2.313,1.561,0.357,1.355,1.771,0.334,2.001,5.866,0.321,0.309,1.086,0.935,3.158,0.511,0.816,0.798,4.791,4.825,2.601,3.61,2.865,2.055,5.239,8.122,4.677,1.16,2.32,2.962
"1854-12",1.901,1.622,1.261,5.77,1.648,4.722,1.165,1.064,1.392,5.258,6.553,7.662,12.286,2.552,3.844,3.205,2.906,2.472,1.654,2.565,0.131,0.204,4.961,1.15,7.725,2.385,5.435,5.911,0.75,1.42,0.766,2.013,1.746,0.239,1.449,1.364,0.374,1.184,5.585,1.586,0.275,1.152,1.742,3.942,0.578,0.884,0.695,4.329,6.865,2.789,3.345,3.974,2.071,2.882,3.034,6.015,1.663,2.227,3.04
"1855-01",2.717,1.731,1.136,2.41,1.422,3.665,2.71,0.92,1.183,5.992,5.67,6.987,12.569,2.922,4.252,3.031,2.367,2.028,1.453,2.793,0.123,0.226,3.719,0.381,7.668,3.013,7.742,7.847,0.421,0.918,0.309,1.826,2.346,0.36,2.204,2.128,0.332,1.883,4.774,6.287,1.871,1.175,1.783,1.841,0.597,1.069,0.644,3.263,7.212,3.093,3.301,4.064,1.995,2.097,0.542,5.486,1.764,2.35,2.996
"1855-02",1.362,1.542,1.023,3.297,2.287,2.348,3.174,0.947,1.086,4.403,4.928,9.134,14.239,2.693,3.9,2.845,1.829,2.121,0.803,3.168,0.307,0.636,2.088,1.075,7.12,3.177,8.085,8.841,0.39,1.02,0.482,1.299,2.83,0.381,1.39,2.477,0.432,1.036,4.18,5.769,2.518,0.675,1.432,2.549,0.964,1.115,0.369,3.076,6.177,3.395,3.52,3.668,1.809,0.76,0.265,4.96,3.023,2.595,2.967
"1855-03",1.536,1.519,0.968,3.479,2.122,3.227,1.998,0.461,1.107,7.796,6.323,8.304,10.308,1.658,3.292,2.424,2.509,1.927,1.122,2.151,0.069,0.926,5.008,2.55,4.507,1.432,2.158,4.564,0.657,0.877,0.962,1.53,2.832,0.595,2.012,3.175,0.392,0.858,5.664,1.608,0.646,1.312,1.212,3.228,0.916,1.3,0.573,2.489,6.942,3.663,3.139,2.945,2.631,0.282,0.086,4.554,4.188,2.844,2.986
"1855-04",1.397,1.223,1.043,4.05,2.876,3.704,1.033,0.841,0.797,7.911,6.557,5.575,3.37,1.854,2.913,2.873,2.249,2.041,1.428,1.413,0.028,1.013,5.495,3.227,7.998,0.455,2.271,4.484,0.823,1.147,0.963,1.665,3.022,1.262,2.626,2.981,0.367,0.841,5.783,1.033,0.405,2.286,1.518,1.552,1.048,1.548,0.671,2.217,8.585,3.338,2.081,5.535,2.311,0.049,0.063,5.919,3.388,3.175,2.993
"1855-05",1.275,1.22,1.133,4.342,4.19,4.587,0.656,3.652,1.548,8.352,9.002,1.951,1.571,3.554,2.499,2.882,2.231,1.919,2.175,1.321,0.433,3.4,6.074,4.679,5.519,0.4,1.294,1.93,1.379,0.84,1.275,1.097,3.225,1.202,3.352,4.987,0.527,1.938,4.613,1.224,1.47,1.381,2.514,2.91,0.928,1.393,0.966,2.481,7.289,3.025,1.608,6.349,2.558,0.284,0.542,7.024,2.793,3.16,3.012
"1855-06",1.352,1.841,1.944,3.847,4.138,3.345,1.376,7.057,6.176,4.978,7.477,0.83,0.274,3.984,1.474,3.3,1.843,2.748,2.606,1.358,0.658,7.172,4.907,3.835,2.677,0.421,0.636,0.762,1.112,1.383,2.554,2.283,2.318,0.933,4.067,5.128,0.491,2.28,3.769,0.965,1.343,1.944,2.46,3.669,0.772,1.287,0.902,3.269,6.352,2.974,2.236,6.608,2.219,4.244,6.343,11.594,1.838,3.169,3.149
"1855-07",1.32,2.628,2.584,2.158,3.416,4.588,2.477,11.246,4.703,4.458,6.588,0.494,0.781,2.28,1.849,2.597,2.46,3.334,3.163,0.595,0.298,7.518,2.657,2.407,0.793,0.746,0.668,0.893,1.815,2.397,2.9,2.736,0.532,1.321,5.287,6.827,0.019,5.018,8.122,0.181,0.538,1.491,3.204,3.518,0.849,1.331,0.842,4.298,5.319,2.886,2.776,2.429,2.309,3.232,7.178,5.472,1.051,2.991,3.153
"1855-08",2.031,2.969,2.627,2.069,3.283,3.901,3.325,10.563,3.623,4.884,5.228,0.518,0.383,3.549,1.657,2.318,2.257,2.647,1.863,0.752,0.232,6.887,3.879,2.559,0.692,0.473,1.513,1.218,1.503,1.991,2.458,2.652,0.299,0.663,5.148,5.879,0.013,6.273,6.902,0.19,0.311,1.813,2.33,3.843,0.748,1.288,1.078,5.561,3.884,2.72,3.268,2.186,2.015,1.608,7.336,5.834,0.988,2.86,3.08
"1855-09",1.952,2.917,2.667,1.696,2.939,4.041,6.001,9.198,4.435,8.31,4.562,0.459,3.853,1.991,2.803,2.299,3.3,2.858,2.411,0.933,0.145,5.783,4.097,1.422,0.872,0.346,0.556,0.909,1.329,1.181,2.057,2.84,0.242,0.504,2.514,4.304,0.053,3.463,7.354,0.081,0.038,0.117,1.755,3.517,0.648,1.275,1.159,5.753,3.696,2.32,3.684,1.645,2.321,0.781,5.373,6.681,0.719,2.803,3.005
"1855-10",2.432,2.965,1.991,1.694,2.275,2.739,3.182,6.48,3.642,8.372,4.346,1.107,6.012,1.896,3.511,2.365,2.893,1.652,0.862,2.274,0.436,4.866,5.751,3.186,5.495,1.615,2.126,2.322,1.291,1.656,1.515,2.983,1.765,0.725,1.397,2.623,0.188,2.432,5.141,0.236,0.099,0.543,0.902,2.523,0.587,1.055,1.04,5.865,4.262,2.309,4.111,1.737,1.959,2.472,7.718,6.843,0.881,2.636,2.99
"1855-11",2.823,2.64,1.404,3,1.172,3.818,1.372,4.756,4.162,8.35,5.673,2.063,10.359,1.996,3.396,2.54,2.567,1.986,1.908,2.471,0.026,1.13,5.47,2.264,9.19,1.605,2.918,2.584,0.819,1.767,0.832,2.031,1.661,0.551,0.675,1.999,0.116,1.071,6.557,0.225,0.49,1.512,1.374,2.972,0.577,1.045,0.778,4.795,4.747,2.387,3.782,3.062,1.939,3.23,10.64,7.194,0.997,2.47,2.953
"1855-12",2.005,2.489,1.107,4.174,2.729,3.695,4.083,2.179,1.366,5.925,6.431,6.477,13.224,1.865,3.786,2.572,3.877,1.622,2.068,1.154,0.054,0.09,4.218,0.854,9.355,2.149,5.099,4.168,0.589,1.813,0.65,1.413,1.268,0.366,0.911,2.857,0.061,0.185,6.08,1.512,0.388,0.665,1.532,3.308,0.583,0.801,0.735,4.536,5.527,2.676,3.348,4.397,1.841,1.216,1.782,10.183,1.021,2.325,3.012
"1856-01",1.839,2.059,0.979,4.826,1.527,3.837,1.953,1.514,1.182,5.452,5.477,9.63,14.23,2.525,4.076,3.081,3.789,2.274,1.974,1.879,0.043,0.035,3.869,1.02,8.519,3.528,4.753,3.483,0.954,1.302,0.61,1.147,1.104,0.187,2.316,1.989,0.196,0.963,7.121,3.497,1.341,1.433,1.95,3.554,0.655,0.78,0.583,3.006,6.86,2.891,2.958,4.327,1.682,0.531,1.29,11.027,1.192,2.48,3.04
"1856-02",1.933,2.163,0.928,1.553,0.987,2.692,1.777,1.225,1.048,6.661,3.584,10.021,12.719,2.325,4.098,3.145,2.937,3.099,1.26,2.761,0.023,0.05,3.251,1.26,6.898,3.554,8.959,9.898,0.563,1.178,0.782,0.977,1.093,0.246,1.469,2.676,0.256,0.574,7.382,3.193,0.489,0.477,0.759,1.957,0.822,1.543,0.535,2.619,5.419,3.814,3.348,3.835,1.826,0.198,0.119,8.813,1.754,2.716,3.006
"1856-03",1.329,1.877,0.965,1.947,1.772,2.774,1.693,0.552,0.495,6.786,4.361,9.227,11.205,2.256,3.332,3.232,2.706,2.656,2.233,1.609,0.011,0.327,4.276,1.134,6.384,2.324,4.941,6.155,0.766,1.328,1.148,1.169,1.693,0.805,1.432,2.63,0.026,0.606,7.571,3.108,0.549,0.734,1.324,3.167,1.114,1.562,0.633,2.289,5.367,3.258,2.804,3.925,2.019,0.108,0.963,8.405,3.458,2.869,2.926
"1856-04",1.27,1.571,1.07,2.962,2.516,2.588,1.354,1.619,1.109,7.426,7.275,6.054,5.96,1.853,2.89,3.255,2.055,3.213,2.975,1.051,0.101,1.595,5.213,2.114,4.464,0.688,3.099,4.957,0.86,1.234,1.196,1.346,1.551,0.631,1.617,3.926,0.012,0.592,7.048,1.372,0.686,0.834,1.852,3.056,0.891,1.46,0.711,2.136,5.617,3.722,2.072,5.935,2.33,0.039,0.633,6.98,2.89,3.036,2.907
"1856-05",1.244,1.595,1.38,2.335,4.231,4.741,0.987,3.408,2.451,6.741,8.211,2.87,2.026,3.548,1.986,3.309,2.272,2.61,2.702,0.854,0.071,3.438,4.523,3.238,3.313,0.414,1.094,2.763,1.176,1.799,1.773,1.539,1.61,1.414,2.762,4.535,0.091,0.859,7.654,0.449,0.188,0.703,2.219,3.15,1.001,1.339,0.547,3.042,4.622,3.722,1.629,7.657,1.814,0.185,2.193,8.622,2.532,3.256,3.014
"1856-06",1.543,1.965,1.525,2.995,4.482,3.743,3.725,10.512,3.631,5.324,8.543,1.42,0.38,2.729,1.124,2.573,2.247,2.773,3.045,0.822,0.143,4.75,3.229,2.63,2.632,0.755,0.842,1.941,1.713,2.163,2.302,2.542,1.304,1.137,3.949,6.376,0.038,1.8,7.461,0.376,0.431,1.33,2.206,3.703,0.833,1.654,0.734,3.881,3.241,3.451,1.823,7.044,2.156,3.008,3.346,8.529,1.336,3.096,3.06
"1856-07",1.424,2.682,2.369,1.525,3.001,4.215,2.911,9.056,3.541,5.047,6.884,0.48,0.341,2.751,2.454,2.164,2.037,2.884,2.544,0.493,0.209,6.17,2.599,2.753,0.891,0.492,0.562,0.676,1.784,2.438,3.263,3.595,0.369,1.066,6.132,7.035,0.016,6.408,7.038,0.266,0.425,1.91,2.437,4.574,0.807,1.132,1.218,4.816,3.467,3.038,2.546,3.345,2.261,2.905,8.649,7.666,1.171,2.959,3.113
"1856-08",2.119,2.858,2.425,1.393,3.15,4.201,3.846,8.099,3.414,4.646,5.63,0.548,0.342,1.701,1.649,2.178,2.708,2.836,1.858,0.307,0.254,8.235,3.601,3.233,1.309,0.411,0.41,0.606,1.961,1.587,2.759,4.165,0.273,0.912,5.223,5.118,0.128,6.222,8.936,0.24,1.399,2.657,3.18,3.551,0.621,1.71,1.09,4.943,2.764,2.847,3.008,1.572,1.93,1.679,7.866,7.47,1.006,2.892,3.048
"1856-09",2.268,3,2.309,1.552,2.466,3.356,3.844,8.446,4.539,8.054,5.611,0.501,2.46,1.988,4.177,2.301,3.215,2.112,1.607,0.542,0.135,4.875,4.666,2.791,1.258,0.474,0.701,0.538,1.982,1.262,2.39,2.808,0.338,0.542,2.699,4.275,0.036,4.369,8.453,0.342,0.719,4.429,2.112,3.748,0.696,1.887,1.364,5.445,2.091,2.668,3.764,1.669,1.921,1.059,8.86,5.599,1.094,2.581,2.966
"1856-10",2.263,2.829,2.383,2.993,1.085,2.864,2.395,8.195,6.216,9.174,6.023,1.333,6.514,1.422,3.77,2.844,3.941,1.886,1.61,1.641,0.169,3.445,4.262,0.99,2.782,0.358,0.576,0.445,1.271,1.277,1.427,2.868,0.988,0.413,1.281,2.195,0.033,2.388,8.349,0.732,0.314,1.063,1.873,3.627,0.499,1.319,1.102,5.398,2.223,2.578,4.135,2.22,1.767,1.81,5.47,7.485,1.098,2.594,2.934
"1856-11",2.324,2.824,1.876,2.883,2.29,3.468,1.641,4.559,4.123,8.37,7.601,1.401,8.696,2.446,4.128,2.65,3.314,2.514,0.897,2.3,0.031,0.932,4.03,0.489,4.293,1.401,2.861,3.389,1.117,0.993,1.173,2.192,0.835,0.36,1.205,1.64,0.062,2.227,7.533,0.614,0.21,0.725,1.201,3.288,0.563,0.896,0.833,5.365,2.966,2.929,3.375,3.565,1.92,5.052,5.585,9.273,1.128,2.391,2.987
"1856-12",2.403,2.515,1.548,4.009,0.742,2.86,1.116,2.346,1.479,4.829,7.445,5.003,12.537,2.074,4.117,2.57,3.517,2.154,1.241,2.685,0.04,0.142,3.668,0.307,6.579,2.995,6.36,7.404,0.939,0.844,0.554,1.839,1.802,0.169,0.99,1.586,0.061,0.399,8.539,3.303,0.656,2.158,1.193,2.01,0.549,0.975,0.959,4.205,3.891,3.235,3.347,4.308,1.861,0.876,1.968,9.089,1.249,2.236,2.986
"1857-01",1.21,1.407,1.472,8.194,1.189,3.115,0.337,1.313,0.906,6.068,7.448,7.634,12.836,2.5,3.832,3.358,3.063,2.092,1.678,2.503,0.032,0.033,2.759,0.262,5.124,2.577,7.212,9.715,0.871,0.972,0.489,1.661,1.585,0.231,1.052,1.432,0.164,0.688,8.11,6.82,2.204,2.084,1.319,2.711,0.712,1.087,0.667,3.443,3.783,3.397,2.827,4.17,1.448,0.533,0.554,8.474,2.016,2.373,2.953
"1857-02",2.047,1.688,0.929,4.77,1.366,4.037,0.634,1.072,0.982,8.306,7.139,6.715,11.973,2.129,4.361,2.449,3.7,1.537,1.222,1.666,0.033,0.333,3.526,0.259,2.637,3.644,7.716,9.763,0.758,0.929,0.707,1.782,1.739,0.229,2.473,1.463,0.363,0.976,8.371,5.253,2.068,3.006,1.16,3.06,0.786,1.311,0.742,3.093,3.921,3.687,2.963,4.61,1.94,0.328,0.188,6.168,2.592,2.675,3.002
"1857-03",1.903,2.05,1.289,3.459,1.487,3.348,0.202,0.907,0.681,9.157,6.794,8.111,11.775,1.913,3.251,2.779,3.141,1.57,1.945,1.115,0.053,0.508,4.735,1.103,5.42,2.564,6.928,6.527,1.013,1.23,0.673,1.354,2.581,0.806,1.907,2.718,0.16,0.496,5.963,4.846,0.58,0.331,1.454,1.95,1.03,1.661,0.579,2.901,4.129,3.949,2.05,5.581,1.824,0.172,0.039,6.759,2.957,2.971,2.959
"1857-04",1.546,1.595,1.228,2.844,2.113,3.49,1.261,1.822,0.615,9.379,8.458,4.15,5.355,2.018,2.39,2.296,1.811,2.643,1.88,1.835,0.072,1.935,5.554,2.268,4.27,1.644,2.235,3.239,1.215,1.48,1.288,2.062,2.431,0.765,2.382,3.544,0.24,0.758,7.29,2.796,0.202,0.696,1.783,3.351,1.008,1.568,0.825,2.695,3.812,4.088,1.874,6.742,2.279,0.053,0.443,5.429,3.35,2.966,2.939
"1857-05",1.374,1.808,1.604,2.465,3.206,3.235,1.361,3.213,1.037,6.003,8.318,2.529,1.109,2.738,1.4,2.508,1.64,2.099,2.116,1.041,0.186,3.531,5.063,2.695,4.165,0.191,0.712,1.395,1.234,2.213,1.948,2.235,1.582,1.35,2.46,4.065,0.117,1.548,7.738,2.056,0.833,1.787,1.726,2.994,0.87,1.458,0.757,3.441,3.442,3.903,1.616,8.755,2.141,0.613,5.461,8.819,1.477,3.101,2.971
"1857-06",1.149,1.501,1.999,2.302,4.363,4.359,2.964,7.831,1.797,6.334,8.026,1.27,0.469,3.824,1.542,2.543,1.655,3.254,2.635,1.49,0.39,6.221,3.8,2.817,2.112,0.49,1.003,1.804,1.338,1.738,2.908,2.072,0.91,1.209,3.643,5.192,0.044,2.414,8.075,0.267,0.614,1.297,2.239,3.855,0.632,1.854,0.716,4.356,3.52,3.466,1.788,6.032,2.546,3.432,1.031,5.396,1.427,3,3.038
"1857-07",1.041,2.942,2.411,1.969,2.119,4.053,3.576,7.941,2.585,5.051,7.779,0.586,0.278,4.812,0.89,2.917,2.552,3.535,2.318,0.733,0.47,7.653,2.951,2.943,0.936,0.537,1.054,1.255,1.75,2.066,3.205,2.946,0.425,1.327,6.007,5.865,0.147,6.478,7.83,0.586,0.574,2.047,2.149,4.354,0.676,1.084,0.878,4.797,3.544,3.069,2.336,2.97,2.123,4.14,4.56,4.884,1.39,2.844,3.06
"1857-08",1.893,2.42,2.091,1.779,2.517,3.658,3.471,7.945,3.153,5.436,5.515,0.37,0.408,2.496,1.483,2.506,2.883,2.464,2.654,0.317,0.202,7.893,4.054,2.916,1.221,0.403,0.738,0.974,2.109,1.679,3.066,3.864,0.301,0.868,5.969,6.228,0.072,6.527,7.286,0.101,0.04,1.124,1.397,3.598,0.635,1.43,1.378,5.528,3.789,2.744,3.015,1.57,2.189,3.095,9.47,4.577,0.896,2.87,3.047
"1857-09",2.486,2.919,2.423,1.356,2.547,4.236,5.117,7.138,4.554,6.773,3.721,0.369,4.139,2.144,3.371,1.974,2.661,2.721,1.488,0.969,0.057,4.338,4.392,2.187,1.136,0.278,0.391,0.485,1.749,1.38,1.93,2.035,0.331,0.459,3.787,3.217,0.054,5.376,6.95,0.119,0.23,0.935,1.338,2.442,0.708,1.95,0.935,6.31,3.743,2.626,3.571,1.341,2.073,2.663,10.145,4.275,0.926,2.721,2.993
"1857-10",2.216,2.184,2.261,3.732,3.701,3.617,3.706,7.653,3.646,9.569,4.131,0.954,7.078,2.427,4.034,2.443,2.484,2.097,1.939,2.514,0.062,4.81,6.211,4.857,6.745,1.114,1.582,1.238,1.58,1.516,1.311,3.406,1.123,0.49,1.447,2.225,0.328,1.872,4.333,0.132,0.145,0.687,0.962,2.726,0.535,1.289,0.839,5.398,4.696,2.251,4.121,1.596,2.109,4.465,4.196,5.786,0.924,2.551,2.964
"1857-11",1.624,2.42,1.441,2.437,2.416,3.045,4.292,4.353,2.399,8.32,4.231,1.971,9.441,1.704,5.194,2.082,3.387,3.571,2.085,2.311,0.06,1.689,5.889,3.201,8.402,2.021,4.861,3.642,1.077,1.544,1.07,2.294,1.661,0.205,0.919,1.245,0.227,1.537,5.589,0.711,0.422,1.147,0.992,2.555,0.592,0.984,0.655,4.736,6.22,2.391,3.378,3.204,1.865,3.936,9.261,4.28,1.447,2.369,2.96
"1857-12",1.881,2.021,1.461,4.951,2.12,4.557,1.513,1.989,1.709,7.756,6.124,4.134,12.56,1.995,4.686,2.387,4.022,1.758,1.761,1.293,0.12,0.068,4.104,2.955,11.776,2.588,6.297,3.991,0.94,1.221,0.515,1.502,1.791,0.292,1.345,2.566,0.831,0.461,5.866,0.875,0.377,1.124,1.362,2.846,0.571,0.957,0.778,3.501,7.29,2.513,3.144,4.423,2.098,1.039,0.454,8.896,1.022,2.248,2.982
"1858-01",2.1,1.805,0.889,5.58,1.085,3.122,0.853,0.891,1.406,5.847,3.167,9.191,14.728,1.51,4.239,2.915,3.611,1.342,1.735,1.286,0.112,0.047,3.577,0.866,10.089,3.636,6.174,6.279,0.864,1.073,0.469,1.045,1.645,0.369,1.382,2.709,0.549,0.393,5.474,2.433,0.732,1.405,1.242,2.727,0.684,0.89,0.741,2.677,9.789,2.891,3.445,3.473,1.923,0.247,0.134,9.623,1.514,2.446,3.063
"1858-02",2.623,1.703,1.003,4.758,1.394,2.962,1.275,0.556,1.155,6.221,4.417,6.198,13.79,1.767,4.695,3.124,2.828,2.123,1.285,1.954,0.074,0.12,3.638,0.351,4.166,4.435,5.556,8.555,0.473,0.616,0.54,1.322,2.326,0.317,1.718,2.132,0.703,0.549,6.462,4.893,1.683,2.187,1.54,1.733,0.792,1.274,0.6,2.398,7.213,3.529,2.936,3.729,1.647,0.139,0.102,6.233,3.172,2.577,2.971
"1858-03",1.69,1.749,1.515,3.955,2.023,5.349,0.482,0.299,0.698,7.757,5.611,6.704,12.132,1.95,3.69,2.954,2.02,1.685,1.733,1.859,0.061,0.532,4.767,0.931,4.227,2.635,3.428,4.119,0.374,1.216,0.471,1.864,1.989,0.743,1.608,2.752,0.292,0.264,7.097,6.912,1.729,3.098,1.499,2.414,0.866,1.969,0.394,2.221,6.553,3.88,2.09,4.466,2.055,0.138,0.059,5.887,3.457,2.803,3.012
"1858-04",1.973,1.673,1.325,3.091,3.156,3.381,0.725,0.327,0.667,6.835,5.624,6.782,7.87,2.917,3.525,2.675,1.893,2.784,1.827,1.657,0.122,1.567,5.735,1.355,4.712,1.014,2.711,5.195,0.857,1.512,1.316,2.271,2.641,1.251,2.189,2.997,0.178,0.503,7.254,6.133,0.358,1.581,1.274,2.997,0.809,1.728,0.592,1.793,6.985,3.655,1.926,7.12,2.183,0.107,0.31,5.87,2.561,3.02,2.996
"1858-05",1.373,1.71,1.498,2.778,3.566,3.475,1.995,3.1,1.424,6.492,7.458,2.456,1.416,1.999,2.352,1.76,1.264,2.9,3,1.541,0.223,4.192,4.849,3.036,2.775,0.518,1.347,3.092,0.924,1.961,1.514,2.297,1.669,1.367,3.031,4.424,0.088,0.88,6.591,0.429,0.176,1.878,1.898,3.667,0.838,1.892,0.651,2.501,5.455,3.389,1.585,7.505,2.412,0.563,3.572,9.969,1.682,3.171,2.937
"1858-06",1.905,2.072,2.016,3.167,3.93,3.838,3.118,7.925,2.299,6.575,8.815,1.199,0.329,5.011,1.631,2.778,1.898,2.941,2.77,1.272,0.258,5.184,2.774,2.476,0.981,0.679,1.337,1.666,1.246,2.291,2.326,2.291,0.83,1.807,3.346,6.063,0.044,2.729,6.961,0.503,1.413,3.495,3.133,3.899,0.799,1.49,0.659,3.641,4.147,3.069,1.52,6.169,2.719,4.497,9.008,8.474,1.657,2.994,3.074
"1858-07",1.74,2.643,2.327,1.951,3.801,4.171,2.582,8.363,2.324,3.669,7.117,0.892,0.201,2.172,0.891,2.275,1.554,3.701,1.707,0.75,0.226,6.699,2.793,2.792,0.739,0.567,0.898,1.463,1.72,2.496,2.992,3.108,0.385,1.982,5.405,7.681,0.011,3.449,7.934,0.081,0.371,1.158,3.487,4.347,0.911,1.125,1.397,4.789,4.162,3.168,2.397,2.338,2.355,1.27,2.971,6.091,1.176,2.85,3.074
"1858-08",2.023,2.267,2.698,1.54,2.882,4.243,2.48,6.555,2.281,5.114,5.551,0.593,0.863,3.794,1,2.739,2.788,2.914,1.651,0.456,0.251,7.684,3.707,2.74,0.726,0.434,0.688,0.879,1.94,1.351,2.614,2.419,0.291,0.914,5.58,6.009,0.019,7.395,8.09,0.148,0.143,1.477,1.937,3.357,0.919,1.427,1.314,5.552,3.286,3.158,2.788,1.366,2.283,2.127,9.263,3.502,1.247,2.674,3.023
"1858-09",3.138,2.772,2.222,1.702,2.606,4.026,2.171,9.208,2.975,7.425,5.584,1.006,2.817,2.417,2.636,2.39,2.641,2.564,2.406,1.085,0.179,5.296,4.854,2.562,1.914,0.62,1.635,1.185,1.708,1.152,1.752,3.152,0.248,0.531,3.038,3.378,0.036,3.509,7.555,0.045,0.132,0.826,2.68,3.656,0.676,0.903,1.138,5.303,3.537,2.615,3.51,1.405,2.077,0.766,4.707,5.567,1.18,2.653,2.943
"1858-10",2.316,3.116,2.05,2.955,1.714,3.871,2.459,6.029,3.585,9.147,6.423,1.726,6.58,2.122,3.225,2.454,3.149,3.306,1.186,1.555,0.13,3.187,5.912,4.97,5.9,0.929,1.532,0.883,1.29,0.766,1.682,2.119,1.55,0.414,1.224,2.273,0.424,1.766,5.386,0.098,0.079,0.466,1.18,3.107,0.662,1.335,1.064,5.439,4.591,2.464,3.889,2.137,1.929,1.393,7.852,5.152,1.338,2.507,2.958
"1858-11",1.616,2.053,1.26,4.751,1.498,3.211,1.999,4.717,2.279,9.188,6.497,2.914,9.63,1.966,3.886,2.373,3.299,3.115,1.569,2.113,0.051,0.987,5.29,5.071,8.983,1.962,2.849,2.928,1.33,1.28,0.836,1.683,1.841,0.54,1.264,2.644,1.507,1.841,4.38,0.508,0.333,0.853,1.266,2.905,0.601,1.042,0.818,5.341,5.179,2.512,3.601,3.278,2.174,4.207,2.697,5.276,1.341,2.262,2.974
"1858-12",1.937,2.234,0.944,2.535,1.661,3.692,4.197,1.7,1.519,6.776,4.914,7.637,11.456,1.979,5.507,2.756,3.195,2.967,1.137,3.11,0.074,0.222,5.084,2.004,11.731,2.151,4.779,5.268,0.716,1.005,0.686,1.812,2.092,0.181,1.352,2.014,0.516,0.866,5.136,1.007,0.474,1.321,0.904,2.322,0.547,0.867,0.627,4.125,7.19,2.657,3.688,3.526,1.848,2.748,2.292,6.7,1.127,2.307,3.01
"1859-01",2.109,1.687,0.916,5.208,1.584,2.832,2.509,1.231,1.234,4.086,3.364,9.502,13.008,1.698,4.56,2.567,3.475,2.377,1.864,1.877,0.031,0.014,3.374,1.713,10.674,3.848,6.2,4.47,0.739,1.064,0.563,1.088,2.016,0.256,1.103,2.401,0.504,0.645,6.237,6.695,1.029,3.061,1.113,2.724,0.619,1.035,0.831,2.714,7.563,3.443,3.389,3.01,2.377,0.399,0.573,8.032,1.257,2.516,3.056
"1859-02",2.158,1.459,0.908,4.616,2.428,4.467,2.827,1.112,1.372,5.608,5.299,6.754,12.858,2.101,4.558,2.83,2.721,1.293,1.496,2.364,0.17,0.206,4.032,0.521,8.055,3.657,7.068,8.86,0.683,1.039,0.68,1.226,2.443,0.494,2.384,2.355,0.43,0.874,4.683,4.984,0.476,3.486,0.607,2.404,0.884,1.214,0.877,2.383,6.653,3.967,2.821,3.393,1.796,0.438,0.52,7.062,2.197,2.739,3.001
"1859-03",1.38,1.265,0.937,3.495,2.665,3.839,1.78,0.265,0.838,8.419,5.304,7.401,10.785,1.822,2.371,2.702,3.147,1.942,1.304,1.9,0.05,0.505,5.517,1.798,6.717,2.008,3.584,7.574,0.824,1.234,0.746,1.663,2.433,0.47,1.921,2.267,0.344,0.837,6.511,4.968,0.722,0.698,1.272,3.459,0.819,1.635,0.913,2.113,6.997,3.249,2.914,3.763,2.08,0.17,0.127,5.922,2.49,2.968,2.942
"1859-04",1.728,1.62,1.443,3.534,3.177,3.672,1.165,0.555,1.91,8.982,7.238,5.82,6.419,2.085,3.439,2.452,2.475,2.284,1.4,1.279,0.094,1.704,5.581,4.221,7.251,0.76,2.756,6.686,0.644,2.12,1.227,1.782,2.4,0.934,2.685,3.149,0.784,0.907,6.903,2.723,0.366,1.581,1.654,2.934,0.974,1.058,0.434,1.758,6.837,3.451,2.017,5.311,2.26,0.104,0.089,6.579,2.599,3.27,2.991
"1859-05",1.723,2.023,1.429,3.005,3.719,3.61,1.507,3.394,1.884,7.577,8.364,2.636,1.419,2.692,2.258,2.599,1.756,2.124,1.824,1.409,0.321,3.408,3.541,3.1,3.983,0.579,0.937,0.939,1.064,2.011,1.24,1.742,2.717,1.24,3.007,4.611,0.5,1.075,7.055,1.292,0.21,1.517,1.635,3.558,0.957,1.297,0.553,2.171,6.864,3.131,1.733,8.657,2.705,0.118,1.534,9.065,2.305,3.198,3.031
"1859-06",1.175,2.15,2.226,2.317,4.024,3.201,2.937,10.225,5.427,5.099,7.896,1.209,0.187,4.813,0.668,3.674,2.026,3.035,1.541,1.96,1.165,7.278,3.977,2.996,1.238,0.939,0.651,1.482,1.415,2.322,2.33,2.297,1.39,1.303,3.17,5.56,0.297,2.452,7.021,0.717,1.086,1.798,2.584,3.293,0.923,1.104,0.777,3.335,4.796,3.212,1.862,6.908,1.802,4.589,5.969,9.131,1.45,3.082,3.122
"1859-07",1.712,2.501,2.445,2.131,2.978,4.103,2.83,10.282,2.577,5.464,6.971,0.528,0.342,3.28,1.747,2.522,2.323,3.102,2.443,0.857,0.479,7.897,3.246,2.957,0.773,0.422,0.704,1.339,1.944,1.743,2.71,2.416,0.685,1.038,5.132,6.684,0.105,5.938,8.61,0.251,0.608,2.04,3.314,3.818,0.802,1.03,1.146,4.09,3.93,3.253,2.024,3.737,2.388,3.256,8.749,7.192,1.084,3.033,3.142
"1859-08",2.152,2.922,2.657,1.105,2.957,3.976,4.475,9.513,4.234,5.27,6.127,1.119,0.916,2.302,1.554,2.16,2.623,2.42,1.899,0.548,0.221,6.892,3.256,2.124,0.771,0.59,0.581,0.761,1.328,2.072,2.73,3.986,0.312,0.944,5.03,7.665,0.047,6.263,8.794,0.177,0.727,2.374,2.237,3.633,0.574,1.314,1.077,4.524,3.44,2.801,2.867,2.062,1.929,2.232,9.741,4.68,0.901,2.883,3.019
"1859-09",2.129,2.816,2.893,0.782,2.781,4.067,5.513,10.588,4.545,7.961,5.392,0.66,4.383,1.376,3.696,1.576,3.476,2.198,2.006,0.498,0.118,5.684,4.691,2.351,1.488,0.545,0.665,0.384,1.567,2.112,1.9,2.821,0.296,0.573,3.081,4.677,0.042,4.373,7.841,0.08,0.109,0.777,2.152,3.556,0.696,2.023,1.216,5.164,3.037,2.7,3.59,1.818,2.143,2.396,7.639,4.959,0.888,2.787,3.011
"1859-10",2.175,2.888,2.029,2.888,2.593,3.016,2.535,8.126,6.344,7.703,5.732,1.093,6.771,2.405,3.59,2.584,3.485,1.763,2.198,2.024,0.257,4.263,4.814,4.633,5.248,0.476,1.224,1.195,1.554,1.94,1.236,2.156,1.104,0.414,1.252,1.876,0.172,1.143,5.986,0.451,0.117,1.089,1.952,3.577,0.642,1.32,1.037,5.664,3.325,2.283,4.172,2.821,1.943,2.849,4.896,6.911,1.354,2.286,2.953
"1859-11",1.798,2.824,1.968,2.095,2.403,3.892,3.076,3.948,2.162,9.882,8.28,1.057,7.695,2.766,3.439,2.834,2.945,3.485,1.824,2.181,0.06,1.161,5.457,4.306,8.542,1.604,1.897,1.626,0.91,1.243,0.813,2.536,1.804,0.461,0.669,1.882,0.366,0.333,7.426,0.633,0.186,0.821,1.427,2.95,0.612,0.911,0.6,4.726,3.91,2.616,3.785,4.588,1.946,3.289,4.255,7.592,0.886,2.27,2.959
"1859-12",1.971,2.72,1.129,4.805,1.92,3.698,1.267,2.389,1.449,6.685,7.601,5.992,11.68,1.981,4.636,2.25,2.918,2.755,1.761,2.297,0.042,0.064,4.964,1.695,9.829,2.47,2.825,2.034,0.627,1.271,0.666,1.652,1.483,0.374,1.005,3.288,0.074,0.244,6.71,1.34,0.393,1.093,1.102,3.592,0.572,0.92,0.651,3.823,6.002,3.003,3.276,5.063,1.982,0.72,0.594,10.521,1.129,2.441,3.064
"1860-01",1.908,1.758,1.028,5.098,1.641,3.271,0.433,1.188,1.187,6.244,4.881,9.509,14.358,1.941,3.381,3.148,2.859,1.679,1.483,2.02,0.062,0.019,3.689,0.816,8.542,4.874,6.292,6.178,0.585,1.523,0.593,1.424,1.331,0.241,1.315,2.248,0.302,0.251,7.238,4.152,1.936,2.123,0.858,2.536,0.619,1.004,0.66,3.042,5.649,3.569,3.197,4.109,2.381,0.522,0.498,10.419,1.185,2.359,3.038
"1860-02",1.649,1.907,0.774,1.787,1.63,2.801,0.848,0.611,0.858,4.988,3.665,10.713,12.791,3.088,3.486,2.875,2.867,2.788,2.092,2.213,0.015,0.029,3.566,0.356,5.217,4.499,6.177,9.871,0.744,1.175,0.593,1.165,1.257,0.311,1.7,1.773,0.029,0.362,7.304,10.077,2.964,1.111,1.593,2.706,0.757,1.312,0.7,2.823,4.584,3.46,2.881,4.208,1.984,0.143,0.146,8.101,2.658,2.604,2.976
"1860-03",2.026,2.033,1.08,1.807,1.291,3.203,1.076,0.738,0.833,6.412,5.153,10.754,9.881,1.912,3.152,2.665,1.624,1.585,1.706,2.109,0.079,0.624,3.782,1.017,5.324,3.093,5.131,6.699,0.513,1.47,0.912,1.428,1.549,0.728,0.649,2.96,0.04,0.346,7.327,6.974,3.344,2.282,1.367,2.52,0.976,1.601,0.456,2.564,4.547,3.691,2.648,5.116,2.539,0.141,0.855,6.957,3.11,2.809,2.986
"1860-04",1.396,1.631,0.994,2.337,1.722,3.105,0.68,1.596,1.009,7.643,7.493,5.349,5.487,2.188,2.421,2.281,1.949,2.371,1.141,1.73,0.08,1.897,5.371,2.351,4.007,0.714,3.02,2.232,0.701,1.489,1.151,2.087,1.786,1.187,2.523,3.266,0.098,0.368,6.638,5.107,0.759,2.721,1.404,3.228,0.884,2.005,0.418,2.998,3.365,4.129,1.905,7.732,2.046,0.147,0.737,7.766,2.579,3.004,2.92
"1860-05",1.019,1.693,1.262,2.122,3.717,4.011,1.188,4.482,1.538,7.079,7.136,2.795,1.414,3.388,2.019,3.323,2.407,3.5,1.603,1.135,0.114,3.452,5.277,3.504,3.059,0.715,1.28,1.156,0.95,1.377,1.493,2.399,1.646,1.19,2.192,4.412,0.332,0.532,7.891,1.378,0.176,1.699,2.283,3.142,0.766,1.849,0.595,3.979,2.491,3.691,1.545,8.654,2.137,0.619,5.022,6.959,1.579,3.277,2.954
"1860-06",1.397,2.407,1.665,1.931,2.914,3.904,2.276,6.509,2.133,5.947,8.389,1.207,0.515,3.786,0.975,2.797,1.8,3.873,2.063,1.049,0.203,5.736,2.869,1.884,1.309,0.751,1.204,1.152,1.386,1.853,2.42,2.808,0.769,0.75,3.98,5.302,0.105,3.461,7.995,0.708,0.827,0.743,2.765,3.643,0.795,1.259,0.691,4.225,2.062,3.707,1.52,8.401,2.58,4.274,4.438,7.787,1.22,3.109,3.032
"1860-07",2.158,2.654,2.41,1.698,2.934,4.42,3.921,9.574,3.296,6.455,8.454,0.77,0.669,3.897,1.261,2.645,2.268,3.205,2.35,0.517,0.196,6.892,2.547,2.415,0.572,0.537,1.363,0.934,1.67,1.993,2.9,2.393,0.44,0.876,5.669,6.135,0.031,5.676,8.536,0.224,0.658,2.104,2.916,4.09,0.823,1.424,0.951,4.937,2.785,3.514,2.01,3.457,2.507,1.992,6.062,4.895,1.149,2.837,3.1
"1860-08",2.501,3.179,2.63,1.133,1.999,4.278,3.538,9.236,4.334,6.923,7.313,0.454,0.355,3.103,2.075,2.519,2.245,2.74,1.939,0.379,0.182,7.976,3.559,2.265,1.001,0.38,0.657,0.85,2.248,1.395,2.345,3.084,0.381,0.598,5.516,5.265,0.013,5.941,7.626,0.22,0.35,1.921,1.519,3.556,0.732,1.582,1.082,5.714,2.32,2.849,2.766,2.177,2.15,2.441,6.631,5.491,1.027,2.774,3.022
"1860-09",2.083,2.61,2.893,1.878,1.65,3.476,3.825,9.114,3.964,8.291,5.968,0.396,2.117,2.52,2.75,2.386,2.619,2.363,2.368,0.756,0.106,6.093,4.616,1.891,1.122,0.749,0.487,0.566,1.949,1.486,1.441,2.334,0.267,0.779,2.709,4.78,0.03,3.437,8.477,0.609,0.484,2.222,1.558,2.806,0.702,1.611,1.111,5.686,2.494,2.6,3.391,1.995,2.33,1.568,5.951,6.727,0.723,2.653,2.981
"1860-10",2.504,2.946,2.051,2.341,1.207,3.538,2.411,8.009,4.833,9.613,5.85,1.58,8.393,2.753,3.6,2.242,2.419,3.407,2.046,2.04,0.037,2.442,4.939,2.616,2.157,1.174,0.859,0.653,1.173,1.763,1.505,2.14,0.487,0.637,1.184,2.304,0.222,3.08,7.7,0.438,0.375,2.907,1.377,2.953,0.592,1.186,0.875,5.349,2.584,2.495,3.623,2.343,2.044,4.516,7.456,8.19,0.823,2.407,2.939
"1860-11",1.478,2.556,1.609,2.16,2.081,3.233,3.496,4.106,3.684,8.149,6.406,3.702,10.388,1.432,4.767,2.033,3.701,3.207,2.252,1.593,0.036,1.116,5.221,2.662,6.838,1.817,2.012,1.981,0.955,1.848,1.053,2.182,0.53,0.373,0.324,2.727,0.128,0.47,6.787,0.383,0.992,1.825,1.802,3.095,0.45,1.327,0.704,5.28,3.053,2.585,3.419,3.367,1.922,3.436,2.164,11.72,0.983,2.361,2.981
"1860-12",1.592,2.143,1.25,3.332,1.26,3.696,2.673,1.994,1.686,5.971,5.197,8.851,12.67,1.754,4.151,2.655,3.771,2.119,1.67,2.105,0.125,0.064,3.73,0.861,8.482,1.906,5.268,3.927,0.966,1.164,0.705,1.674,1.583,0.265,0.932,1.848,0.215,0.465,8.36,1.971,1.375,1.297,1.296,2.621,0.532,0.885,0.618,3.95,4.683,3.074,3.018,4.44,2.008,0.301,2.014,9.248,1.162,2.356,2.971
"1861-01",1.83,2.396,1.009,3.85,0.975,2.939,1.631,0.943,1.363,4.911,3.222,9.568,13.234,2.382,4.686,2.716,2.953,2.078,1.28,2.357,0.071,0.024,3.344,0.332,5.272,2.982,6.444,5.559,0.824,1.003,0.575,1.493,1.851,0.201,1.225,1.207,0.197,0.945,9.191,7.812,0.837,1.364,1.023,3.494,0.68,0.924,0.734,3.336,5.196,3.098,3.181,3.89,2.323,0.179,1.182,9.157,1.656,2.389,3.019
"1861-02",2.844,2.132,0.921,1.51,2.066,2.705,4.172,0.967,0.745,5.89,4.301,10.031,12.857,2.067,2.589,2.838,2.303,0.971,1.507,1.576,0.033,0.185,3.307,0.259,4.156,2.46,6.536,6.735,0.815,1.082,0.474,1.088,1.905,0.326,1.627,1.905,0.066,0.262,7.369,6.847,1.425,2.541,1.889,2.902,0.711,1.612,0.672,2.792,5.273,3.775,2.754,4.733,2.229,0.074,0.033,6.981,3.016,2.554,2.98
"1861-03",2.363,1.951,1.334,2.399,1.399,3.11,2.626,0.666,0.503,6.64,5.614,9.517,11.699,2.592,3.119,3.088,2.416,1.667,0.925,1.782,0.088,0.715,3.824,0.198,1.99,2.761,3.147,7.569,0.786,1,0.66,1.09,2.025,0.779,1.73,2.933,0.15,0.37,6.712,4.8,0.196,2.474,1.197,2.549,1.092,1.38,0.666,2.328,5.501,3.874,2.39,5.65,2.199,0.018,0.026,5.274,3.787,2.793,2.941
"1861-04",1.251,1.45,1.19,2.941,3.104,3.329,2.068,1.368,1.684,8.096,6.294,8.159,7.168,3.065,2.364,2.902,1.504,2.972,2.23,1.667,0.247,1.967,5.659,3.891,4.702,1.443,2.589,2.218,0.783,1,1.184,2.006,1.797,1.163,2.595,2.78,0.274,1.301,7.545,3.799,0.187,3.795,1.444,4.001,0.998,1.502,0.617,2.327,4.914,3.691,2.083,6.631,2.176,0.149,0.156,6.047,2.007,2.854,2.924
"1861-05",1.028,1.7,1.692,2.149,3.403,3.757,1.966,2.862,1.36,6.411,7.041,3.352,1.884,3.967,1.697,3.147,2.463,2.101,2.269,1.194,0.537,3.632,6.621,4.622,3.771,0.746,1.861,1.296,1.019,1.308,1.58,1.664,2.908,0.952,3.042,4.215,0.466,1.295,6.791,1.192,0.332,1.287,1.765,4.609,0.959,1.529,0.729,3.181,4.047,3.739,1.545,7.233,2.2,0.563,1.679,8.191,2.189,3.074,2.983
"1861-06",1.805,2.025,2.06,1.91,3.478,4.276,2.92,7.225,2.051,5.93,8.031,1.125,0.571,4.559,2.037,3.294,1.409,3.808,2.037,1.31,0.171,5.594,3.605,2.976,2.172,0.532,1.338,1.907,1.394,1.823,2.596,2.493,1.045,1.339,2.429,5.089,0.126,3.007,7.553,0.568,1.004,1.068,2.687,2.868,0.68,1.449,0.836,4.084,3.68,3.502,1.537,7.206,2.446,4.715,6.054,6.391,1.666,2.94,3.065
"1861-07",1.508,2.489,2.188,2.259,2.58,4.096,2.797,7.6,2.075,3.693,6.557,0.868,0.298,2.332,1.593,2.457,2.511,2.416,2.518,0.457,0.225,7.429,2.597,2.535,0.765,0.494,0.448,0.571,2.22,1.562,3.423,1.852,0.309,1.192,7.361,6.826,0.019,6.81,8.054,0.423,1.014,1.843,2.614,3.76,0.773,1.269,1.369,4.708,3.464,3.387,2.162,4.268,1.813,3.172,9.738,7.185,1.007,3.163,3.122
"1861-08",2.377,2.561,2.432,1.294,1.98,3.879,2.916,8.042,2.969,5.332,5.089,0.289,0.676,1.931,2.597,2.032,2.465,1.529,2.064,0.34,0.136,7.568,3.542,2.223,0.76,0.468,1.049,0.662,1.733,1.98,3.182,2.984,0.251,0.505,5.225,6.365,0.061,6.898,8.571,0.293,0.74,2.442,2.377,4.111,0.771,1.318,1.36,5.519,2.756,2.934,2.863,1.777,1.979,2.709,11.254,4.583,1.074,2.775,3.03
"1861-09",2.35,3.072,2.356,1.074,2.462,4.83,3.942,9.351,4.643,8.004,5.685,0.757,2.958,2.373,2.631,2.053,3.239,2.447,0.855,0.786,0.096,5.363,4.502,2.199,1.189,0.593,1.244,0.654,1.901,1.092,2.252,2.471,0.297,0.734,2.963,3.123,0.033,4.753,8.154,0.247,0.35,1.863,1.814,3.183,0.78,1.225,1.058,5.992,2.541,2.718,3.339,1.652,1.811,1.386,6.009,3.619,1.126,2.505,2.934
"1861-10",2.366,2.521,2.318,2.232,2.282,3.461,3.695,6.436,3.103,8.598,4.071,1.493,6.53,2.663,4.75,1.933,2.635,3.123,1.412,1.767,0.246,3.894,5.487,4.408,4.532,0.495,0.937,0.733,1.385,1.368,1.098,2.759,1.122,0.508,1.204,1.737,0.172,1.509,5.297,0.057,0.184,2.485,1.47,3.13,0.784,1.652,0.911,5.785,3.562,2.661,3.813,1.493,2.357,3.258,3.463,7.518,1.058,2.479,2.95
"1861-11",2.068,2.041,1.41,3.781,2.239,4.565,2.768,5.192,2.35,9.036,5.696,0.767,8.772,2.156,5.211,2.045,3.029,1.18,1.347,2.228,0.107,1.735,5.875,3.899,9.377,1.18,0.892,0.977,0.938,1.762,0.838,2.07,2.198,0.449,1.422,2.183,0.747,0.664,5.415,0.512,0.397,0.91,1.39,3.021,0.571,1.175,0.815,5.292,4,2.687,3.575,3.922,2.027,2.94,4.109,7.046,1.035,2.514,2.954
"1861-12",2.855,2.927,1.409,2.719,2.412,4.069,4.551,1.831,1.194,5.292,6.381,4.8,12.636,1.338,4.186,2.673,2.724,2.119,1.535,2.307,0.139,0.376,4.729,0.72,7.227,2.693,3.646,4.432,0.692,1.761,0.799,2.023,1.384,0.306,1.05,1.492,0.657,0.865,6.041,1.64,0.975,3.522,1.163,2.371,0.624,0.817,0.696,4.369,6.198,2.842,3.237,4.826,1.974,5.731,3.107,7.088,1.289,2.393,3.04
"1862-01",1.81,1.452,1.166,5.264,1.805,3.531,1.828,0.914,1.216,6.996,4.986,5.934,10.687,2.883,5.449,3.07,2.575,2.083,1.829,2.769,0.124,0.07,3.648,0.772,8.416,3.512,8.87,7.616,0.58,0.916,0.42,1.312,1.313,0.149,1.547,2.131,0.241,1.201,5.021,7.058,2.362,3.936,0.721,2.413,0.523,1.168,0.599,3.395,6.087,3.336,3.34,3.577,1.619,1.192,0.678,6.976,1.409,2.345,2.968
"1862-02",1.438,2.482,0.996,2.697,1.527,2.408,0.967,0.554,0.862,6.095,4.168,8.489,13.041,1.863,4.739,2.877,3.302,2.23,1.248,1.325,0.053,0.071,3.805,1.291,8.771,4.189,7.354,6.629,0.651,0.734,0.409,1.315,1.682,0.268,1.439,2.381,0.4,0.562,6.631,6.558,1.037,2.276,1.4,1.77,0.911,1.082,0.613,2.829,6.568,3.417,2.863,3.94,1.932,0.473,0.16,7.851,1.803,2.748,3.011
"1862-03",1.504,1.568,0.786,3.823,2.172,3.627,2.405,1.048,1.097,7.494,5.624,7.063,10.146,1.901,3.284,2.936,1.962,2.801,2.011,1.899,0.024,0.486,5.091,1.475,6.244,3.665,5.422,5.902,0.447,1.063,0.667,1.365,2.1,0.503,2.009,2.675,0.226,0.566,6.16,3.842,1.043,4.205,1.026,3.573,0.908,1.753,0.511,2.221,6.455,4.356,2.51,3.82,2.15,0.187,0.118,6.841,2.01,2.931,3.021
"1862-04",1.274,1.636,1.153,3.141,3.635,4.616,1.618,0.857,1.209,8.517,7.675,5.998,5.489,2.133,2.33,2.838,2.084,2.163,2.483,1.498,0.066,1.543,5.867,3.125,5.902,1.978,2.697,3.168,0.496,1.806,1.145,1.709,3.062,1.316,2.493,3.928,0.39,1.084,7.287,3.237,0.171,1.287,0.925,3.439,1.003,1.762,0.471,1.718,7.26,3.412,1.885,5.772,2.287,0.09,0.085,6.437,2.293,3.035,2.988
"1862-05",1.212,1.376,1.262,2.822,3.354,3.904,1.634,3.331,1.442,8.22,7.826,2.647,2.357,2.889,2.19,2.888,1.887,1.845,1.991,1.437,0.179,4.094,4.085,3.569,5.151,0.488,2.375,4.251,1.233,1.33,1.577,1.178,2.124,1.681,2.342,4.528,0.179,0.751,6.481,0.505,0.255,2.167,1.344,3.124,0.68,1.706,0.678,2.285,6.542,3.518,1.729,7.131,2.549,0.172,1.069,8.083,1.799,3.132,2.964
"1862-06",1.422,1.393,1.925,2.91,3.931,3.875,2.684,9.847,5.368,4.426,8.033,1.107,0.271,2.979,1.611,2.844,1.636,2.504,2.669,1.32,0.664,5.949,4.062,3.282,2.171,1.135,0.892,1.665,1.436,0.762,2.592,2.633,1.703,1.002,2.875,5.546,0.16,1.958,6.692,0.23,0.591,1.521,3.173,4.329,0.993,1.752,0.879,3.187,4.735,3.051,2.332,5.228,2.271,4.966,5.995,9.29,1.875,2.989,3.072
"1862-07",1.715,2.639,2.317,1.474,3.164,4.859,2.751,9.252,3.909,4.542,6.674,0.447,0.583,2.249,1.69,2.809,1.859,3.625,2.467,0.933,0.448,7.813,3.005,2.549,0.688,0.801,0.939,0.679,1.553,1.508,3.395,3.044,0.535,1.073,6.071,6.245,0.03,6.401,9.004,0.372,0.433,0.707,2.216,3.361,0.747,1.254,0.862,4.134,4.031,3.228,2.514,2.572,2.345,3.782,8.673,5.812,1.156,2.946,3.105
"1862-08",1.861,2.876,2.545,0.944,2.6,4.359,3.394,10.314,4.585,5.092,4.66,0.527,1.062,3.598,1.88,2.212,3.055,2.332,1.882,0.356,0.228,6.956,3.275,2.56,0.873,0.351,0.569,0.675,1.499,1.54,3.313,2.684,0.377,0.812,5.452,7.244,0.098,6.051,8.036,0.375,0.412,2.269,1.891,2.801,0.654,1.177,1.292,5.012,3.373,2.927,2.817,1.776,2.069,2.56,8.966,6.435,1.056,2.854,3.051
"1862-09",2.99,3.354,2.665,1.026,2.202,3.481,5.05,8.195,3.544,7.103,5.699,1.205,1.584,2.168,1.729,2.323,2.61,1.747,2.117,0.828,0.089,5.243,4.449,1.993,0.944,0.424,0.59,0.374,1.787,1.918,1.807,2.572,0.258,0.365,4.583,5.142,0.087,5.319,7.572,0.1,0.539,3.137,2.079,3.657,0.605,1.681,1.358,5.516,3.071,2.617,3.409,1.589,2.124,2.205,11.782,3.673,0.993,2.784,2.972
"1862-10",2.919,2.431,1.983,2.678,0.849,2.739,2.467,8.718,5.352,9.524,6.813,1.154,5.004,1.649,2.721,2.664,2.357,2.746,1.23,2.885,0.067,3.577,5.978,3.805,6.254,1.01,1.589,1.26,1.573,1.534,1.428,2.243,0.972,0.525,1.457,1.956,0.242,1.589,5.013,0.161,0.274,1.122,1.085,3.148,0.77,0.92,1.062,5.846,3.602,2.369,4.09,2.252,1.987,2.704,3.925,5.783,1.012,2.526,2.931
"1862-11",1.406,1.908,1.54,4.398,1.925,4.07,1.58,5.44,2.611,7.539,7.278,2.625,11.01,1.465,4.042,2.296,3.354,2.868,1.643,1.981,0.02,1.316,5.747,3.061,10.021,1.466,3.975,3.441,0.814,1.892,0.911,2.781,2.106,0.475,0.828,2.117,0.536,0.301,6.7,0.302,0.501,1.496,1.394,3.273,0.679,1.225,0.735,4.665,3.863,2.516,3.24,4.128,1.91,3.389,4.089,6.701,1.223,2.346,2.932
"1862-12",1.658,2.182,1.305,4.786,1.57,3.991,1.871,2.599,1.938,7.267,6.407,7.797,10.471,1.791,3.167,2.229,2.771,2.35,2.033,2.614,0.033,0.09,4.859,2.103,9.942,2.333,5.172,4.052,0.625,1.385,0.719,1.827,1.398,0.255,0.867,2.208,0.448,0.288,7.245,1.999,1.485,2.133,1.086,2.553,0.564,1.014,0.546,4.151,5.312,2.744,3.026,4.418,1.908,1.216,1.538,8.069,1.317,2.403,2.99
"1863-01",2.355,2.31,0.796,2.172,2.414,3.668,4.153,1.428,1.1,5.121,3.793,8.313,12.42,1.608,4.687,3.093,2.809,2.42,1.679,2.512,0.063,0.021,3.425,0.968,7.534,3.584,7.922,6.933,0.734,1.208,0.43,1.26,2.283,0.207,0.85,1.602,0.627,0.581,6.011,7.767,1.341,3.133,1.301,3.064,0.653,0.798,0.663,3.198,6.923,3.297,3.089,3.778,1.848,0.545,0.732,8.704,1.469,2.429,3.062
"1863-02",1.777,1.605,1.093,4.952,1.732,4.276,2.379,1.311,1.298,6.022,5.814,6.848,12.219,2.5,4.46,3.383,2.953,2.135,1.884,1.43,0.092,0.271,3.255,0.557,4.136,2.822,6.76,11.116,0.563,1.023,0.404,1.274,2.432,0.272,0.657,2.502,0.178,0.662,5.845,7.631,2.149,2.141,1.401,2.641,0.785,1.061,0.878,2.534,7.1,3.356,2.613,3.908,1.63,0.138,0.204,6.856,2.906,2.509,3.002
"1863-03",1.852,1.986,0.995,2.722,2.769,3.708,1.78,0.33,1.239,6.288,4.615,8.905,11.794,2.193,3.628,3.179,2.905,2.359,1.824,1.788,0.065,0.276,4.722,1.238,4.462,1.836,3.746,7.387,0.913,0.817,0.533,1.129,1.878,0.471,2.739,2.816,0.594,1.659,5.949,5.709,0.805,1.681,0.797,2.842,0.915,1.568,0.767,2.089,6.364,3.795,2.667,3.709,2.598,0.055,0.237,5.525,2.561,2.743,2.932
"1863-04",1.786,1.292,1.167,2.961,2.96,4.023,1.111,0.732,1.067,8.241,7.694,5.451,5.459,2.315,2.228,2.815,2.351,2.362,1.872,1.113,0.241,1.746,5.91,2.309,4.761,0.752,2.773,3.793,0.917,1.562,1.307,1.16,2.943,1.478,2.224,3.369,0.802,0.406,7.189,2.021,0.191,3.222,1.19,2.292,0.896,1.506,0.725,1.884,7.558,3.482,1.76,5.956,2.276,0.016,0.02,5.889,2.775,3.165,2.967
"1863-05",1.061,1.562,1.23,3.314,2.96,3.871,1.75,2.814,1.488,7.76,8.109,2.393,2.038,4.361,2.511,2.937,1.617,3.47,2.098,1.049,0.298,3.519,5.037,3.521,4.666,0.827,1.01,1.631,1.041,1.429,1.828,1.841,2.114,1.804,3.141,4.369,0.425,0.759,5.73,0.444,1.115,1.375,2.368,2.876,0.982,1.597,0.603,2.762,5.969,3.273,1.594,8.743,2.585,0.019,0.866,7.589,2.41,3.195,2.994
"1863-06",1.297,2.009,1.371,3.107,4.124,4.216,1.986,8.408,2.677,4.457,8.4,1.087,0.302,2.407,0.951,3.133,1.898,3.332,2.808,0.933,0.514,6.696,4.166,4.752,2.263,0.827,0.684,1.145,1.137,2.197,2.714,1.535,1.164,1.598,3.579,6.941,0.354,1.761,6.905,0.187,0.604,1.765,2.691,4.022,0.731,1.415,0.96,3.599,4.731,3.14,1.666,5.85,2.676,3.98,6.508,9.713,1.377,3.132,3.112
"1863-07",1.567,2.499,2.167,1.717,4.44,4.992,2.504,9.906,2.784,5.054,6.571,0.532,0.415,3.778,1.623,2.301,2.592,2.685,2.382,0.605,0.265,6.541,2.954,2.766,0.935,0.192,0.889,0.825,1.84,1.775,3.511,2.332,0.607,1.537,6.559,7.823,0.011,5.566,7.329,0.237,0.32,1.528,2.25,3.917,0.705,1.537,1.022,5.028,4.248,2.907,2.525,3.838,2.148,2.82,7.451,4.385,1.198,3.017,3.128
"1863-08",1.197,2.785,2.688,1.641,2.7,3.626,2.848,9.558,3.949,6.417,5.498,0.392,1.511,2.39,1.929,2.547,3.033,3.003,2.85,0.356,0.25,8.649,3.466,2.415,0.833,0.39,0.413,0.812,1.448,2.051,3.133,3.143,0.241,0.917,5.108,5.347,0.019,6.584,7.352,0.12,0.167,0.896,2.092,3.748,0.699,1.535,1.403,5.276,3.946,2.721,3.059,1.429,2.206,1.419,9.089,7.006,1.009,2.944,3.094
"1863-09",1.28,2.999,2.062,2.159,1.817,3.675,4.309,9.154,3.937,6.978,4.662,0.895,2.869,1.249,2.138,2.082,3.208,3.154,1.672,0.703,0.085,5.199,4.642,2.084,1.242,0.297,0.507,0.458,1.345,2.277,2.226,3.062,0.124,0.639,3.242,4.053,0.034,4.388,7.968,0.066,0.067,0.44,2.474,3.118,0.634,1.279,1.337,5.928,3.078,2.325,3.805,1.669,2.25,1.368,6.261,4.123,0.887,2.722,2.933
"1863-10",2.628,2.537,2.222,2.767,2.852,4.032,1.52,6.58,4.782,8.44,5.142,0.573,4.762,2.264,3.513,2.344,2.737,1.409,1.308,2.176,0.202,4.875,6.022,6.346,7.398,0.831,1.937,1.404,1.542,1.51,1.502,2.559,1.531,0.562,1.347,1.989,0.722,1.192,6.106,0.169,0.145,1.305,1.392,2.801,0.547,1.673,1.142,5.603,3.498,2.442,4.056,2.21,1.99,3,5.079,6.213,1.178,2.594,2.987
"1863-11",1.327,2.329,1.923,3.126,2.579,2.734,3.146,5.981,2.465,8.332,6.818,2.918,12.629,1.573,3.64,2.481,2.9,3.433,2.15,2.886,0.054,0.945,5.309,1.815,9.294,2.359,4.771,3.178,1.129,1.117,0.94,2.526,1.555,0.576,0.492,2.506,0.374,1.38,6.605,0.263,0.157,1.18,0.927,2.967,0.563,0.819,0.772,4.989,3.343,2.602,3.492,3.042,2.052,3.357,6.435,6.049,1.557,2.395,2.958
"1863-12",1.896,1.756,1.202,5.503,0.736,3.305,0.62,2.3,1.607,8.004,7.165,6.377,12.64,1.826,4.026,2.582,2.823,2.736,1.846,2.074,0.034,0.204,4.68,1.062,10.442,2.951,5.564,3.377,0.551,1.422,0.504,2.317,1.391,0.225,0.864,2.024,0.175,1.641,6.678,1.403,0.754,2.19,0.971,3.053,0.521,0.92,0.628,4.387,4.789,2.879,2.897,5.148,1.719,2.874,6.422,8.74,1.382,2.279,3.001
"1864-01",1.658,2.351,1.151,2.089,2.096,3.412,1.83,0.892,0.813,6.756,4.019,10.443,12.84,1.943,3.788,2.351,2.91,3.181,2.168,1.958,0.028,0.028,2.699,0.256,5.846,3.341,6.814,7.819,0.708,0.837,0.42,1.678,1.102,0.236,0.556,2.089,0.08,0.206,8.095,5.871,2.396,1.673,1.143,2.532,0.583,0.942,0.682,3.758,4.202,3.42,3.05,4.6,1.761,1.153,0.309,11.062,1.984,2.502,3.053
"1864-02",1.251,2.043,1.173,2.384,1.901,3.76,2.453,1.032,0.948,6.293,5.253,8.45,12.436,1.766,3.927,2.373,2.667,2.778,2.234,1.803,0.05,0.063,2.721,0.318,4.884,3.739,6.752,6.948,0.542,1.562,0.545,1.743,1.13,0.509,0.765,2.003,0.021,0.202,8.012,8.505,1.066,4.742,1.004,3.083,0.802,1.249,0.492,3.213,4.046,3.678,2.899,2.808,1.854,0.462,0.062,8.907,2.488,2.652,2.994
"1864-03",1.418,2.052,1.168,3.303,2.091,2.806,1.881,0.799,1.051,7.164,7.05,8.644,9.249,1.506,2.764,2.624,2.311,2.689,1.444,2.313,0.042,0.744,3.881,1.467,4.338,3.868,6.57,4.265,0.382,1.336,1.064,1.683,1.975,0.85,1.57,2.566,0.09,1.098,6.882,4.587,0.515,1.642,1.48,3.114,0.999,1.292,0.619,2.831,4.256,4.006,2.554,3.606,2.07,0.475,0.519,5.715,2.906,2.892,2.946
"1864-04",1.608,1.666,1.237,3.801,3.241,3.406,2.069,1.396,0.51,7.461,7.921,5.486,6.327,1.48,1.649,3.139,2.062,3.172,2.315,1.058,0.052,1.478,4.513,2.248,5.62,1.804,2.081,1.899,0.678,1.203,1.233,1.664,1.146,0.993,2.326,3.281,0.033,0.983,7.84,4.803,0.952,2.701,2.056,3.626,1.029,1.067,0.541,2.809,4.031,4.144,1.607,5.621,2.01,0.068,0.984,6.685,2.935,3.088,2.956
"1864-05",1.34,1.367,1.402,2.543,3.426,4.31,1.823,4.027,1.161,7.641,8.424,3.678,2.102,2.881,2.1,2.77,1.544,2.142,2.752,1.402,0.374,4.474,4.763,3.702,6.043,0.472,0.819,1.943,1.051,1.646,1.507,1.974,0.839,1.703,2.642,3.525,0.091,1.181,7.751,1.648,0.101,2.518,1.663,3.963,0.677,1.772,0.684,3.378,3.268,3.901,1.612,7.034,2.271,0.699,3.03,9.854,1.648,3.222,3.011
"1864-06",1.268,2.085,2.15,1.982,4.464,4.397,1.577,8.524,3.292,6.344,8.803,0.855,0.523,3.131,1.016,3.247,2.113,1.993,3.422,0.955,0.241,5.548,2.564,2.318,1.248,0.437,1.149,1.362,1.846,1.698,2.601,2.302,0.702,1.478,4.988,5.852,0.018,5.434,9.012,0.519,0.583,2.896,1.752,4.275,0.653,1.219,1.012,4.199,2.692,3.312,1.671,4.562,2.571,4.28,9.369,7.218,1.141,3.077,3.058
"1864-07",1.97,2.531,2.371,1.898,3.883,4.014,2.521,7.76,2.934,4.449,7.125,0.704,0.382,2.302,1.336,2.574,2.158,2.28,2.685,0.537,0.113,6.629,2.396,2.694,1.928,0.2,0.54,1.034,1.478,2.946,3.663,3.059,0.341,1.091,5.777,5.69,0.138,7.18,7.934,0.145,0.334,0.53,3.033,4.117,0.743,1.401,1.432,4.787,3.309,3.249,2.229,2.472,2.187,4.526,8.645,8.346,1.213,2.902,3.102
"1864-08",2.101,2.524,2.173,1.664,2.675,4.785,3.226,7.726,3.922,5.561,5.95,0.569,0.49,2.527,1.134,2.93,2.431,2.49,2.121,0.409,0.305,7.616,3.839,2.854,1.058,0.6,1.154,0.935,1.661,2.143,3.504,2.834,0.307,0.698,6.01,5.527,0.065,6.913,7.626,0.128,0.353,1.802,2.462,3.733,0.55,1.174,1.384,5.775,2.322,2.875,2.792,1.529,1.805,2.132,10.423,5.226,1.051,2.839,3.009
"1864-09",2.405,2.951,2.912,1.289,3.49,3.506,4.532,8.699,4.587,8.816,5.614,0.356,2.159,1.611,2.887,2.422,2.112,1.72,1.14,0.894,0.162,5.55,4.983,2.478,1.359,0.594,1.139,0.631,1.77,1.647,1.868,2.959,0.237,0.395,3.349,4.505,0.05,5.247,8.311,0.196,0.176,2.304,1.789,3.824,0.645,1.368,1.135,5.549,2.812,2.631,3.318,1.743,1.858,3.61,8.781,4.524,0.907,2.682,2.983
"1864-10",2.338,2.466,2.386,4.16,1.373,4.843,1.456,10.525,4.73,8.151,4.89,1.405,8.199,1.395,3.215,2.36,2.669,3.769,3.028,1.789,0.035,2.9,5.41,3.289,4.145,0.973,1.526,1.465,1.455,1.689,1.389,2.225,0.432,0.237,1.404,2.581,0.174,2.331,6.961,0.23,0.18,0.988,1.539,2.781,0.646,1.231,0.902,5.744,2.99,2.504,3.688,1.743,2.154,1.516,5.243,6.284,0.938,2.438,2.95
"1864-11",1.271,2.681,1.566,1.594,1.616,3.098,3.021,5.315,2.198,8.135,7.554,2.697,8.542,1.717,4.316,2.215,4.079,3.361,2.243,1.746,0.045,1.6,6.244,3.247,9.039,2.185,2.68,2.859,1.047,1.559,1.103,2.763,2.099,0.155,0.727,1.4,0.758,0.93,5.844,0.617,0.186,2.362,0.728,2.62,0.571,1.304,0.537,4.824,4.271,2.831,3.604,4.357,1.649,1.299,2.727,6.977,1.273,2.34,2.95
"1864-12",1.666,2.13,1.187,2.192,1.899,3.315,4.223,1.496,1.476,7.547,5.955,6.957,13.738,1.664,3.586,2.685,2.06,2.435,1.266,4.215,0.046,0.179,4.67,0.624,7.74,1.74,5.426,5.873,0.473,1.095,0.6,2.404,2.277,0.432,0.46,1.302,0.134,0.52,6.729,5.06,2.606,2.437,1.084,3.428,0.552,0.749,0.499,4.309,4.738,2.838,3.676,3.567,2.121,2.531,1.149,8.315,1.36,2.261,3.016
"1865-01",2.156,2.054,1.199,4.434,1.488,3.613,2.242,0.824,0.537,4.996,3.463,10.191,11.913,1.678,3.002,2.392,2.224,2.43,1.593,2.991,0.065,0.068,3.379,0.416,6.992,2.199,5.235,9.668,0.551,1.605,0.596,2.011,1.512,0.318,0.821,1.562,0.149,0.685,6.409,8.332,2.362,2.894,1.364,2.301,0.612,1.148,0.662,3.838,5.015,3.397,3.119,3.023,2.302,0.614,1.032,10.049,1.503,2.462,3.031
"1865-02",2.517,1.724,0.943,4.59,1.013,3.496,2.35,1.216,1.283,6.36,5.186,8.182,12.789,1.336,3.696,2.286,2.636,0.862,1.576,1.878,0.11,0.274,4.295,0.642,4.653,3.92,4.254,8.638,0.614,1.582,0.419,1.916,1.542,0.368,1.257,1.82,0.292,0.483,5.791,7.906,2.834,3.662,1.617,3.132,0.835,1.395,0.81,3.045,5.092,3.78,2.599,4.236,1.916,0.51,0.045,7.589,2.042,2.478,2.959
"1865-03",2.296,1.569,0.85,2.478,1.494,3.506,2.218,0.771,0.884,6.12,6.844,8.426,11.826,2.862,2.951,2.756,2.31,1.676,1.947,2.025,0.285,0.912,5.271,1.112,4.936,3.002,3.218,3.85,0.819,1.043,0.618,1.329,3.051,0.77,1.846,3.03,0.546,0.568,6.175,3.089,1.449,0.858,0.912,3.317,0.987,1.562,0.967,2.581,5.302,3.944,2.596,6.685,1.729,0.039,0.085,5.778,2.553,2.832,2.968
"1865-04",1.474,1.604,1.305,1.931,2.76,3.653,1.752,1.202,0.515,7.359,6.874,6.487,8.427,3.205,2.132,3.223,2.175,2.01,1.104,1.601,0.146,1.889,5.65,2.263,4.964,0.613,1.196,1.918,0.781,0.908,0.987,1.957,2.7,0.974,3.476,3.124,0.338,0.992,6.435,1.622,0.355,0.766,2.026,3.101,0.92,1.277,0.513,2.18,6.164,4.008,1.871,6.222,2.171,0.067,0.315,6.417,2.879,3.163,2.951
"1865-05",1.053,1.604,1.152,3.469,3.168,4.212,1.457,2.275,1.613,7.831,8.382,2.282,2.155,1.994,2.206,3.013,2.102,3.113,2.013,1.259,0.072,3.382,4.499,4.45,4.318,0.419,1.185,1.868,1.2,1.44,1.647,1.624,1.913,1.146,3.405,4.536,0.58,0.892,6.063,0.395,0.829,1.194,2.524,3.16,1.016,1.088,0.676,2.448,6.361,3.482,1.897,8.105,2.238,0.034,0.584,8.934,2.017,3.125,2.992
"1865-06",1.881,2.201,1.679,3.028,3.908,4.929,1.592,9.445,3.337,6.525,8.093,0.989,0.478,5.451,1.552,2.82,1.5,2.92,2.563,1.198,0.492,6.221,3.447,2.56,1.495,0.715,0.765,1.544,1.128,1.955,2.282,2.582,1.456,1.573,3.452,6.576,0.114,1.793,6.936,0.86,0.551,2.916,2.127,4.308,0.795,0.802,0.741,3.862,4.436,3.222,1.696,8.122,2.045,2.806,5.064,5.141,2.034,2.938,3.076
"1865-07",1.392,2.536,2.679,1.699,3.114,4.782,2.94,9.914,4.029,3.519,6.776,0.827,0.491,1.98,1.741,2.603,3.022,2.64,1.776,0.668,0.354,7.864,3.312,2.953,1.178,0.621,0.708,1.006,1.516,2.583,2.843,3.295,0.564,1.533,6.341,6.357,0.047,6.183,8.593,0.202,0.647,2.351,1.984,3.43,0.709,1.5,1.253,4.06,3.803,3.032,2.325,3.9,1.939,6.705,10.447,6.08,1.279,3.025,3.114
"1865-08",1.757,2.874,2.238,1.38,2.447,4.623,3.784,10.306,3.727,6.072,6.585,0.487,0.36,3.033,1.379,2.39,2.866,1.837,2.727,0.344,0.159,7.79,3.754,2.712,0.97,0.312,0.554,0.811,1.708,1.781,3.303,4.03,0.418,1.11,6.179,6.22,0.153,6.434,7.36,0.097,0.2,1.465,2.75,3.785,0.83,1.232,1.286,5.09,3.233,2.808,2.835,1.772,1.939,3.402,10.154,4.794,1.021,2.896,3.046
"1865-09",2.142,3.402,2.513,2.408,2.008,3.641,3.223,9.082,4.481,7.979,5.443,0.47,2.494,1.689,2.667,2.271,3.336,2.344,0.891,0.772,0.139,5.027,4.515,2.959,1.539,0.422,0.5,0.744,1.723,1.383,2.007,3.096,0.177,0.928,2.797,5.121,0.044,4.456,7.641,0.238,0.114,0.88,1.672,3.033,0.764,1.211,1.282,6.042,3.095,2.428,3.248,1.555,2.232,1.923,7.222,3.309,0.99,2.733,2.964
"1865-10",2.545,2.695,2.059,1.508,1.662,3.622,3.134,8.12,3.406,8.276,5.784,1.178,5.113,1.588,3.593,2.262,2.898,3.469,1.855,2.531,0.194,4.923,5.526,1.78,5.437,0.807,1.426,0.703,1.466,1.389,1.402,2.636,0.752,0.339,0.998,2.052,0.199,1.701,6.06,0.395,0.098,0.634,1.075,2.338,0.597,1.207,0.946,5.627,4.369,2.608,3.998,2.254,1.801,2.691,7.023,6.006,0.972,2.63,2.989
"1865-11",2.091,2.922,1.571,2.823,2.21,4.487,2.763,5.902,2.908,7.534,8.603,4.216,9.307,2.295,5.152,2.123,3.255,2.393,1.658,1.742,0.05,0.719,6.026,3.099,8.211,1.965,2.183,2.143,1.088,0.772,0.743,2.127,2.81,0.575,1.227,1.972,0.484,0.919,5.739,0.661,0.542,1.425,0.948,2.789,0.662,1.181,0.818,5.021,4.118,2.808,3.41,4.071,1.629,0.694,6.718,6.113,1.491,2.424,2.996
"1865-12",1.673,1.932,1.138,3.487,1.997,4.004,2.818,3.517,1.852,6.538,8.262,6.318,11.099,2.201,5.081,2.546,3.123,3.74,2.598,2.082,0.025,0.056,4.179,0.835,9.461,3.566,4.185,3.918,0.616,1.528,0.633,2.12,1.955,0.428,0.848,2.36,0.189,0.778,7.756,1.777,0.59,1.058,1.363,2.807,0.647,0.971,0.537,4.013,4.987,2.718,2.793,5.166,1.775,0.957,2.873,9.295,1.304,2.36,3.022
"1866-01",2.118,2.234,0.973,2.093,1.463,4.304,3.386,1.495,1.278,5.019,5.738,10.841,12.437,1.549,3.715,2.501,1.989,2.974,1.613,3.641,0.13,0.035,3.746,0.285,4.655,3.982,6.639,6.579,0.508,1.527,0.529,1.68,1.572,0.291,0.622,1.885,0.155,0.385,6.979,4.382,1.171,2.255,1.204,2.82,0.598,0.969,0.659,3.695,4.888,3.254,3.015,3.687,1.735,1.95,0.415,9.933,1.562,2.408,3.009
"1866-02",2.357,1.791,1.147,4.64,1.152,3.626,0.732,0.661,0.641,6.166,5.157,9.8,13.366,2.47,3.31,2.908,2.057,1.375,0.747,2.374,0.014,0.096,3.465,0.433,4.596,2.898,5.799,12.848,0.572,0.593,0.412,1.47,2.162,0.607,1.849,1.811,0.103,0.368,6.749,7.572,1.012,2.376,1.108,3.284,0.816,0.937,0.635,3.088,4.645,3.47,2.649,5.194,1.914,0.229,0.125,7.939,3,2.58,2.983
"1866-03",2.364,1.842,1.564,2.32,2.119,3.953,0.552,0.53,0.889,6.523,5.767,11.873,13.003,2.725,2.229,2.718,2.591,1.754,1.461,2.187,0.164,0.718,4.994,0.778,3.775,2.59,3.459,3.735,0.798,0.78,0.572,1.463,3.122,0.666,1.921,1.788,0.213,0.794,7.319,7.569,0.9,2.826,1.51,2.967,1.073,1.505,0.66,2.532,4.127,3.889,2.116,5.801,2.095,0.104,0.179,7.207,2.608,2.869,2.972
"1866-04",1.652,1.188,1.227,3.846,2.385,2.88,0.786,1.265,0.647,6.914,6.902,6.763,8.631,2.745,2.812,2.925,2.582,1.971,1.743,1.24,0.171,2.264,5.329,3.012,4.442,0.319,0.707,1.53,1.107,1.516,1.286,1.585,2.473,1.238,2.68,3.093,0.386,0.994,7.694,2.447,0.627,3.255,1.828,2.061,1.011,1.561,0.627,2.478,5.175,3.729,2.027,6.778,2.014,0.099,0.191,5.806,3.167,3.2,2.958
"1866-05",1.468,1.179,1.444,2.868,3.121,3.489,1.564,2.901,0.762,8.264,10.267,3.006,1.878,3.283,1.348,3.402,1.808,3.225,3.107,1.592,0.166,5.264,4.331,2.254,3.64,0.451,1.566,2.101,1.092,1.984,2.037,2.058,2.167,1.029,2.528,4.062,0.085,0.944,7.615,0.721,0.78,1.499,2.462,5.041,0.969,1.595,0.679,3.255,3.77,3.699,1.781,7.12,2.478,0.046,2.744,6.768,2.249,2.939,2.983
"1866-06",1.693,1.951,1.608,2.191,2.929,3.87,2.6,10.259,3.315,6.587,9.213,1.571,0.843,3.67,1.869,2.734,1.617,2.686,2.769,0.906,0.136,5.079,3.141,2.583,1.559,0.569,0.801,0.542,1.621,1.649,2.548,2.015,1.112,1.203,3.759,5.265,0.049,1.889,6.981,0.471,1.238,2.604,2.663,3.932,0.873,1.235,0.907,4.121,3.087,3.183,1.596,6.648,2.197,3.291,2.531,9.579,1.657,3.047,3.021
"1866-07",1.197,2.83,2.32,1.715,1.893,4.107,3.568,9.258,3.747,5.928,7.682,1.132,0.813,3.884,2.71,3.461,1.811,3.849,2.288,0.668,0.164,6.302,2.513,2.62,0.651,0.413,1.084,1.537,2.124,1.609,2.766,3.127,0.633,1.6,6.508,6.085,0.024,7.078,7.083,0.307,0.419,1.318,2.8,3.8,0.964,1.063,1.27,4.983,2.689,3.338,2.17,2.989,2.234,3.037,8.209,5.5,1.38,2.842,3.077
"1866-08",2.366,2.453,2.593,1.638,2.29,3.671,3.005,7.786,3.059,5.929,6.33,0.577,0.91,3.093,2.071,2.477,2.702,3.262,1.888,0.389,0.145,5.647,3.934,3.148,1.261,0.234,0.413,0.599,2.112,1.711,2.691,2.603,0.209,0.902,6.083,5.791,0.134,7.283,8.461,0.164,0.459,1.218,2.739,3.475,0.653,1.471,1.121,4.988,2.889,2.827,2.684,1.746,2.056,3.069,8.466,8.03,0.861,2.953,3.044
"1866-09",2.381,3.136,2.746,2.452,1.932,3.657,4.627,8.765,4.43,6.472,6.59,1.179,1.639,1.732,1.554,1.967,3.128,1.642,2.041,0.747,0.081,4.579,4.996,2.76,1.655,0.342,1.382,1.28,1.81,1.183,1.801,1.904,0.307,1.493,2.505,4.432,0.029,3.472,7.993,0.154,0.176,1.003,2.339,2.71,0.658,1.768,1.207,6.187,2.717,2.642,3.121,2.045,1.807,1.775,7.424,4.571,1.018,2.731,2.976
"1866-10",2.193,2.835,1.717,2.803,2.005,3.924,3.285,8.057,3.851,9.19,7.065,1.572,8.098,2.005,4.365,2.354,2.756,3.38,1.834,1.844,0.025,2.724,6.313,4.285,5.81,1.379,1.531,1.142,1.475,1.27,1.392,2.9,0.183,0.216,1.195,1.737,0.04,1.394,6.548,0.216,0.163,1.116,1.091,3.468,0.567,1.936,1.013,5.252,2.843,2.502,3.697,2.442,1.925,2.802,3.741,7.754,1.004,2.413,2.93
"1866-11",1.955,2.314,2.046,4.611,1.313,3.11,2.279,4.154,2.066,8.196,6.137,2.224,10.822,1.73,4.089,2.638,2.382,3.037,1.815,1.717,0.054,1.17,5.353,2.611,7.884,1.759,2.401,1.245,1.012,1.247,0.632,2.594,1.186,0.285,0.382,2.18,0.112,0.761,8.528,0.208,0.273,2.239,0.878,1.808,0.66,0.872,0.77,5.028,3.599,2.698,3.556,3.892,1.722,2.007,8.269,9.15,0.981,2.33,2.968
"1866-12",2.004,1.812,1.573,4.993,0.904,3.516,0.654,2.535,2.102,6.71,6.884,4.136,9.968,1.796,5.057,2.191,2.878,2.105,1.436,2.284,0.066,0.265,5.125,0.569,8.725,3.7,4.691,4.852,0.656,1.111,0.537,2.414,1.449,0.23,1.013,1.206,0.205,0.47,7.902,1.499,0.968,1.982,1.551,2.522,0.666,0.932,0.503,3.84,4.786,2.855,3.017,4.759,1.803,1.26,4.23,10.948,0.998,2.287,2.95
"1867-01",2.309,2.485,1.479,1.61,1.258,2.889,3.679,0.957,1.202,6.75,5.179,7.707,12.815,2.171,4.081,3.064,2.651,2.61,1.605,1.905,0.046,0.027,2.427,0.487,6.012,3.481,7.905,8.977,0.33,1.184,0.522,1.411,1.16,0.253,0.761,2.402,0.158,0.253,7.954,3.892,0.862,1.463,1.262,2.69,0.742,0.921,0.453,3.466,5.121,3.226,2.658,3.908,1.74,0.283,0.274,10.76,1.925,2.494,2.998
"1867-02",2.503,1.614,1.32,6.252,1.352,4.248,1.499,0.702,1.092,7.184,5.668,6.524,12.522,1.997,3.724,2.874,2.541,1.396,1.241,2.12,0.078,0.132,3.585,0.203,3.455,3.169,5.175,7.319,0.636,0.705,0.554,1.532,1.793,0.415,2.087,2.101,0.091,0.471,7.61,8.265,1.566,1.192,1.382,3.131,0.714,1.143,0.529,2.895,4.793,3.532,2.61,4.03,1.78,0.13,0.05,6.252,3.346,2.892,2.984
"1867-03",2.308,1.907,1.179,1.822,2.015,4.412,1.667,1.26,1.211,8.232,6.61,8.108,11.746,2.414,3.524,2.791,2.477,2.078,1.152,1.534,0.064,0.469,4.116,0.398,2.147,1.843,2.716,7.416,0.586,0.471,0.619,1.379,1.541,0.49,2.352,2.242,0.079,0.634,8.328,5.82,0.869,1.152,1.082,2.279,1.021,1.118,0.738,2.421,4.503,3.995,1.918,6.023,2.134,0.022,0.149,5.227,4.028,2.867,2.955
"1867-04",1.517,2.019,1.242,2.483,3.002,3.158,0.981,0.509,0.629,7.302,8.116,5.709,5.823,1.53,1.811,2.445,1.336,2.63,2.07,1.562,0.129,2.216,5.49,1.621,3.267,1.473,2.291,2.208,0.68,1.543,1.292,1.665,2.329,1.044,1.846,2.644,0.221,0.76,7.238,3.388,0.214,0.535,1.099,2.594,0.949,1.177,0.617,2.524,5.113,3.81,2.118,7.048,2.566,0.237,1.665,6.187,2.741,2.975,2.911
"1867-05",1.491,1.559,1.35,2.277,4.074,4.178,1.576,2.486,1.057,6.541,9.001,3.575,1.415,2.35,1.192,2.637,0.944,2.111,1.85,1.523,0.266,4.385,5.76,4.529,3.412,0.801,1.725,1.069,1.05,1.227,1.857,1.868,1.293,0.954,2.941,3.858,0.305,1.067,7.745,1.236,0.474,1.652,1.6,3.609,0.854,1.25,0.636,2.96,4.992,3.704,1.625,7.426,2.237,0.358,1.161,6.818,2.067,3.24,2.974
"1867-06",1.554,1.915,2.181,2.765,4.08,4.42,2.18,8.411,3.029,5.378,8.246,1.252,0.255,4.104,1.414,2.72,1.614,2.686,1.875,1.019,0.374,5.937,3.71,2.246,1.346,0.421,0.844,0.772,1.67,2.048,2.539,1.789,0.762,1.369,3.731,5.416,0.029,2.862,9.081,0.438,0.256,1.645,2.151,3.475,0.577,1.244,0.794,4.187,3.578,3.402,1.571,6.554,2.181,2.51,5.445,6.365,1.165,3.234,3.056
"1867-07",0.922,1.92,2.213,1.927,3.569,4.693,2.66,8.922,3.081,5.929,7,0.56,0.381,3.332,1.564,2.487,2.435,2.979,2.143,0.517,0.273,7.638,2.709,2.525,0.683,0.314,1.267,1.505,1.767,1.828,2.724,2.866,0.469,1.17,5.281,6.268,0.009,4.449,9.54,0.232,0.22,1.787,2.061,3.746,0.772,1.179,1.244,4.557,3.528,3.082,2.11,2.57,2.24,1.221,4.501,6.799,1.123,2.954,3.041
"1867-08",2.284,2.902,2.762,1.662,2.909,4.542,4.482,7.717,3.708,6.105,5.203,0.725,0.937,2.331,2.051,2.867,2.14,2.159,1.614,0.537,0.249,7.564,3.563,2.397,0.832,0.391,1.004,1.356,1.738,1.773,3.193,3.246,0.219,0.897,5.685,7.144,0.009,5.941,7.238,0.209,0.493,1.005,3.092,4.767,0.843,0.9,1.134,5.303,3.523,2.869,2.834,1.599,2.105,1.349,7.057,3.363,1.483,2.492,3.011
"1867-09",2.824,2.965,2.345,2.447,1.813,3.566,5.22,8.528,4.668,6.601,5.405,1.953,3.136,1.86,2.852,2.211,2.396,2.235,0.753,0.852,0.065,4.238,3.909,2.119,1.009,0.539,0.789,1.273,1.762,1.125,1.883,2.833,0.4,0.603,3.107,4.103,0.133,3.912,7.395,0.16,0.139,0.584,2.235,3.322,0.788,1.351,1.243,6.14,3.363,2.568,3.497,1.43,1.913,0.693,5.91,5.165,1.13,2.686,2.987
"1867-10",2.493,2.668,1.804,2.28,1.945,4.042,2.75,6.757,4.045,9.602,5.832,1.181,5.352,2.579,2.461,2.456,2.196,2.41,1.698,2.796,0.064,4.028,5.46,3.15,4.171,0.995,0.952,1.445,1.557,1.575,1.439,2.49,1.018,0.361,0.991,2.333,0.139,1.88,4.178,0.139,0.214,0.628,1.173,3.073,0.574,1.104,0.918,5.287,4.714,2.628,4.057,1.892,2.097,1.73,4.12,8.679,1.012,2.742,2.971
"1867-11",1.815,2.789,1.632,3.647,2.171,3.332,3.828,4.263,2.661,7.863,7.956,3.259,9.884,1.303,3.494,2.308,4.391,2.914,2.019,1.519,0.186,1.433,4.8,1.493,7.006,1.868,2.169,1.715,1.216,1.5,1.051,1.768,2.24,0.436,1.216,1.815,0.15,1.836,5.001,0.401,0.333,1.19,1.269,2.954,0.583,1.111,0.691,5.071,5.403,2.493,3.626,3.034,1.916,2.911,8.305,8.069,1.098,2.468,3.007
"1867-12",2.4,2.309,1.149,3.711,1.87,3.038,3.509,2.019,1.621,7.846,6.392,3.786,11.84,1.594,4.447,2.638,2.943,3.069,2.135,2.665,0.064,0.112,4.261,0.863,9.056,1.615,4.991,4.213,0.429,1.68,0.83,1.838,1.457,0.355,1.142,1.913,0.228,1.186,4.913,0.873,0.884,1.57,1.257,2.543,0.52,0.986,0.391,3.436,8.055,2.66,3.71,3.854,1.803,1.621,2.032,9.073,1.555,2.398,2.999
"1868-01",2.893,2.622,1.588,1.222,1.429,4.44,2.179,0.629,1.095,5.881,4.796,5.819,13.007,2.463,4.378,2.995,2.302,1.947,1.165,2.904,0.105,0.076,3.294,0.171,6.114,3.561,7.5,10.145,0.571,0.879,0.475,1.539,1.945,0.293,2.003,2.34,0.151,1.103,5.915,3.427,1.273,2.978,1.131,2.538,0.655,1.114,0.597,2.844,8.6,2.59,3.319,3.356,1.755,0.397,1.14,6.745,2.543,2.279,2.993
"1868-02",2.076,1.291,1.091,4.709,1.841,3.169,3.215,0.593,1.002,7.67,4.723,6.991,12.868,1.402,4.742,2.451,1.915,2.142,0.813,2.367,0.071,0.073,2.93,1.506,4.563,3.602,5.894,7.625,0.514,0.809,0.448,0.918,2.465,0.489,1.223,2.911,0.955,0.655,5.81,6.871,3.099,2.524,1.491,2.98,0.813,1.402,0.431,2.513,8.266,3.307,3.188,3.274,1.869,0.301,0.113,4.551,3.325,2.652,3.054
"1868-03",1.883,1.353,1.132,4.596,2.512,4.06,2.172,0.379,1.266,8.024,6.646,6.163,9.484,1.912,3.238,2.392,2.607,2.109,1.249,2.39,0.217,0.638,5.22,2.322,4.789,2.549,4.591,5.349,0.634,1.628,0.956,1.194,2.394,0.516,2.483,2.293,1,0.803,5.356,7.231,0.891,1.147,1.529,3.064,0.982,2.077,0.526,1.989,8.151,3.42,2.686,3.69,2.313,0.237,0.33,5.284,2.977,2.847,3.029
"1868-04",1.438,1.341,1.139,3.185,2.806,4.271,1.235,1.143,1.055,7.951,9.715,4.058,1.989,2.111,2.676,2.356,1.64,2.749,1.164,1.97,0.183,2.681,5.99,3.5,6.521,0.334,0.802,1.627,0.609,1.16,1.317,2.039,3.193,0.85,2.292,3.724,2.435,1.429,5.605,1.807,0.584,0.732,1.444,2.861,1.04,1.712,0.303,1.558,8.322,3.383,2.349,6.054,2.533,0.949,0.068,5.303,2.899,3.143,2.98
"1868-05",1.26,1.462,1.338,3.01,4.232,3.065,1.459,4.099,3.496,6.159,9.484,1.063,0.415,3.415,1.85,2.666,1.351,2.887,1.907,1.618,0.489,5.057,5.45,4.499,6.448,0.25,0.992,1.487,1.193,1.198,1.293,1.825,3.245,1.187,3.296,5.029,0.833,1.206,7.05,1.424,1.115,1.77,2.182,3.772,0.896,1.452,0.669,1.873,8.233,3.286,2.099,6.473,2.155,0.382,0.085,6.297,2.39,3.184,3.08
"1868-06",1.268,2.072,1.882,3.219,3.971,4.294,0.914,8.598,5.958,4.718,6.728,0.568,0.401,6.217,1.398,3.092,1.898,2.562,1.971,1.316,0.938,9.313,4.894,2.891,3.081,1.232,0.487,0.586,1.678,1.26,2.331,1.97,2.367,1.061,3.997,5.92,0.182,1.464,6.868,0.492,0.174,1.223,2.539,3.591,0.956,1.641,0.639,2.462,7.081,2.928,2.241,4.264,2.109,3.293,3.444,8.791,1.743,3.093,3.106
"1868-07",1.935,2.698,2.072,1.593,2.495,4.663,2.177,10.514,5.893,4.808,4.847,0.303,0.455,2.978,1.875,2.385,1.809,2.552,2.014,1.406,0.274,7.246,2.961,2.815,0.855,0.849,0.725,0.774,1.826,2.283,2.661,2.626,0.613,1.402,5.576,8.593,0.027,4.707,8.886,0.214,0.252,2.108,2.288,4.129,0.891,0.919,1.514,3.285,5.802,2.922,3.014,2.031,2.351,3.517,8.434,6.726,0.991,3.09,3.151
"1868-08",2.137,2.519,2.567,1.854,3.963,3.734,4.929,11.187,4.535,4.587,4.519,0.33,0.487,3.166,1.318,2.529,2.669,3.176,1.526,0.629,0.217,6.437,3.666,2.698,1.203,0.389,0.637,0.772,2.177,1.168,3.582,2.809,0.511,0.671,4.817,6.556,0.067,6.932,7.802,0.126,0.254,1.726,2.102,3.424,0.714,1.203,1.302,4.21,4.7,2.531,3.177,1.475,2.14,3.546,9.149,5.891,0.969,2.761,3.019
"1868-09",2.762,2.854,2.531,1.368,2.297,3.904,4.272,7.435,3.68,6.472,3.616,1.139,4.228,2.498,2.876,2.642,2.875,1.732,1.049,0.981,0.19,4.45,4.635,2.641,1.801,0.29,0.45,0.682,1.865,0.888,1.739,2.848,0.321,0.455,2.615,4.535,0.151,4.337,7.621,0.072,0.223,1.302,2.215,3.752,0.705,1.632,1.178,5.328,4.562,2.489,3.738,1.324,2.418,1.623,7.956,5.046,0.864,2.746,3.004
"1868-10",2.894,2.193,1.939,2.912,1.285,3.667,0.945,7.97,4.567,8.345,6.264,0.999,5.212,1.922,3.425,2.408,2.25,1.709,1.8,2.477,0.395,5.437,5.588,3.532,6.425,1.052,1.441,1.546,1.444,1.09,1.278,2.718,1.783,0.487,1.171,2.368,0.269,2.015,5.314,0.113,0.042,0.382,1.309,2.552,0.629,1.017,0.981,4.899,4.555,2.252,4.36,2.679,1.709,1.72,7.186,6.127,1.126,2.628,2.92
"1868-11",1.783,2.28,1.523,4.815,0.975,3.295,1.102,5.975,3.447,8.369,6.183,2.202,8.749,1.599,4.63,2.664,2.677,4.042,2.347,2.403,0.042,0.874,6.419,3.052,9.479,1.534,2.693,2.477,0.962,1.626,0.982,2.304,1.124,0.357,1.382,2.075,0.079,0.803,5.773,0.299,0.517,1.052,1.31,2.858,0.537,1.281,0.463,4.633,5.64,2.572,3.776,3.55,2.009,4.642,4.744,6.351,1.239,2.357,2.993
"1868-12",2.857,1.502,1.36,6.921,1.268,4.678,0.657,2.444,2.118,7.276,6.072,3.717,11.406,1.773,4.575,2.524,2.546,3.418,2.05,1.752,0.086,0.12,4.119,1.789,9.633,2.564,7.358,6.429,0.669,1.109,0.588,2.177,1.109,0.298,1.232,2.388,0.627,0.593,5.594,1.03,0.603,1.546,0.743,2.169,0.507,0.876,0.544,3.623,7.525,2.671,2.848,4.626,1.575,3.688,1.703,9.769,1.262,2.356,3.02
"1869-01",1.735,1.719,1.077,3.355,1.478,4.29,2.203,0.796,1.001,6.412,5.909,8.393,13.903,2.305,3.891,2.699,2.321,3.075,1.123,2.6,0.068,0.005,3.029,0.359,7.102,3.627,8.014,6.827,0.506,0.747,0.35,1.591,1.297,0.278,0.433,2.138,0.217,0.095,8.165,2.428,0.521,1.046,1.048,2.218,0.64,1.069,0.61,3.028,5.984,2.865,3.196,2.867,1.79,0.6,0.38,11.052,2.265,2.475,2.987
"1869-02",2.226,2.287,0.939,3.067,1.786,3.587,2.733,1.103,0.95,5.671,6.13,9.35,13.496,1.819,4.073,2.496,2.459,1.507,1.579,1.887,0.087,0.134,2.736,0.371,4.277,3.125,6.69,9.345,0.525,1.194,0.529,1.279,1.908,0.384,0.828,2.46,0.041,0.217,7.931,6.482,1.85,3.359,0.873,1.951,0.802,1.352,0.618,2.808,4.819,3.607,2.758,3.999,1.91,0.151,0.4,8.649,2.693,2.705,3.016
"1869-03",2.139,1.9,1.043,3.686,1.906,4.019,0.869,0.731,0.967,7.275,6.579,6.56,11.089,2.396,3.786,3.151,2.248,1.759,1.045,1.603,0.022,0.602,4.361,0.708,5.73,2.708,4.626,5.993,0.731,1.37,0.76,1.242,1.406,0.63,2.011,2.45,0.051,0.558,6.775,4.86,0.46,2.604,1.062,2.293,0.922,1.38,0.649,2.215,5.441,3.856,2.303,5.009,1.643,0.025,0.071,8.187,3.515,3.064,2.974
"1869-04",1.506,1.705,1.573,3.648,2.009,3.399,0.894,1.362,0.887,8.465,8.386,4.732,4.692,2.228,3.138,2.444,1.974,2.128,1.446,1.241,0.075,1.343,5.665,2.39,4.583,1.224,1.532,3.559,0.648,1.395,1.022,1.168,1.986,1.215,3.39,3.827,0.149,1.052,6.779,2.775,2.311,1.347,2.303,2.556,0.97,1.53,0.378,2.302,5.491,3.704,1.763,7.24,2.028,0.073,1.375,6.891,2.833,3.039,2.939
"1869-05",1.345,1.591,1.564,2.237,4.597,2.716,2.151,4.218,1.185,6.629,8.599,2.347,1.44,2.805,1.673,2.359,1.929,2.874,2.188,1.389,0.32,4.014,4.88,3.394,5.207,0.539,1.083,1.588,0.953,1.541,2.03,2.46,1.602,1.078,2.478,4.369,0.285,1.073,8.768,1.096,0.364,2.56,1.944,2.99,0.962,1.455,0.604,2.849,4.156,3.423,1.621,8.017,2.46,0.346,3.735,8.728,1.951,3.274,3.004
"1869-06",1.33,2.041,1.992,2.461,3.071,4.038,2.664,9.721,4.778,5.28,7.713,0.718,0.307,5.002,1.237,2.892,1.318,3.391,1.822,1.499,0.214,5.891,3.131,2.903,1.208,0.645,0.807,1.428,1.445,1.501,2.463,2.706,0.822,1.064,3.287,6.524,0.039,2.167,7.579,0.748,1.035,2.407,2.923,3.598,0.915,1.289,0.959,3.876,3.058,3.181,2.229,5.523,2.148,4.01,4.259,8.026,2.328,3.016,3.048
"1869-07",1.23,2.562,2.597,1.412,2.469,5.091,2.69,9.944,3.792,4.65,6.758,0.587,0.344,2.71,1.437,2.946,1.986,2.539,2.398,0.733,0.201,7.646,2.738,2.487,0.989,0.376,0.862,1.328,1.891,1.674,3.146,2.895,0.446,1.415,6.921,7.577,0.02,7.221,7.218,0.391,0.757,1.477,2.682,3.306,0.741,1.483,0.931,4.887,2.72,3.085,2.016,2.766,2.071,4.264,8.66,6.363,1.151,2.972,3.053
"1869-08",2.104,2.767,2.901,1.427,1.876,4.137,3.353,9.064,4.696,5.572,4.568,0.475,0.863,2.561,2.219,2.779,2.243,2.919,1.678,0.484,0.193,6.879,3.886,2.956,0.86,0.683,1.122,0.917,1.96,1.197,2.79,3.091,0.307,0.51,5.718,5.893,0.187,6.386,7.206,0.228,1.651,4.062,3.143,3.889,0.829,1.078,1.298,4.989,2.229,2.835,2.912,1.333,2.121,2.699,6.966,8.346,1.283,2.737,3.004
"1869-09",2.663,2.727,2.357,2.468,3.047,3.923,4.295,9.763,4.74,7.236,4.915,0.655,1.868,1.571,2.052,2.783,2.869,1.784,1.299,1.01,0.125,5.186,4.454,2.392,1.366,0.555,0.553,0.424,1.966,1.093,1.759,2.132,0.33,0.551,3.116,4.619,0.021,3.763,9.052,0.381,0.226,1.909,1.941,3.145,0.614,1.238,1.044,5.981,1.954,2.639,3.819,1.372,1.938,1.178,6.508,5.769,0.893,2.729,2.974
"1869-10",2.217,2.665,2.024,2.886,1.43,3.335,2.75,8.652,5.053,7.965,4.921,1.363,8.868,2.126,3.306,2.753,2.863,3.017,1.791,1.372,0.046,2.61,5.53,3.113,4.283,0.895,1.201,1.109,1.454,2.12,1.422,2.299,0.345,0.456,0.941,2.842,0.346,1.703,7.761,0.157,0.232,0.903,1.508,3.108,0.641,1.281,0.927,5.493,2.491,2.805,3.723,1.55,2.045,1.148,5.895,7.893,0.975,2.52,2.945
"1869-11",2.228,1.896,1.653,4.711,1.808,4.146,0.815,6.686,3.087,7.811,5.723,1.428,10.8,2.512,4.269,2.841,2.579,1.968,1.508,2.805,0.04,0.975,5.073,2.414,8.153,1.814,2.987,1.282,0.76,1.762,0.864,2.534,2.003,0.567,0.493,2.168,0.156,0.269,8.032,0.561,0.524,0.969,1.065,3.108,0.517,0.978,0.725,4.691,2.994,2.987,3.616,2.903,1.935,0.666,2.488,10.582,0.856,2.416,2.957
"1869-12",2.095,2.036,1.147,4.647,1.788,3.596,2.028,2.525,1.977,6.689,6.867,4.618,11.677,2.381,4.812,2.622,2.791,2.225,1.992,2.796,0.045,0.105,3.364,0.542,6.131,3.525,6.381,7.061,0.436,1.1,0.483,1.631,1.798,0.274,0.714,2.753,0.174,0.167,8.608,1.709,0.716,2.213,1.061,2.006,0.628,1.023,0.542,4.073,4.153,2.837,3.542,4.732,1.439,0.103,0.927,8.84,1.755,2.234,2.964
"1870-01",2.392,2.184,0.943,3.596,0.824,3.685,1.484,1.359,1.266,6.453,4.997,6.089,13.499,1.791,4.113,2.283,3.335,2.265,1.707,1.631,0.077,0.038,2.671,0.125,4.12,4.121,7.388,5.246,0.577,1.239,0.603,1.271,0.947,0.222,0.586,1.472,0.256,0.108,9.601,8.346,2.075,1.518,1.308,2.788,0.661,0.91,0.509,3.464,4.498,3.606,3.047,3.55,1.78,0.146,2.395,9.211,2.088,2.439,3.039
"1870-02",2.521,1.707,0.887,4.534,1.652,3.786,1.385,0.693,1.113,6.22,5.317,7.255,13.615,1.47,5.536,2.18,2.583,2.198,1.581,2.222,0.174,0.113,2.579,0.22,4.091,3.184,6.845,9.126,0.403,1.29,0.585,1.374,2.016,0.515,1.172,1.769,0.378,0.51,6.168,8.1,4.181,6.577,0.916,2.49,0.905,1.207,0.414,3.092,4.325,3.659,2.748,3.467,1.694,0.151,0.171,6.018,3.361,2.644,2.955
"1870-03",1.782,1.77,1.061,3.235,2.596,3.919,1.203,0.554,0.595,7.892,7.283,6.332,10.82,1.869,4.499,2.857,1.65,2.122,1.186,1.839,0.024,0.449,4.34,0.484,2.644,2.403,3.449,4.118,0.51,1.384,0.748,1.464,1.873,0.568,1.483,1.933,0.063,0.22,7.914,8.846,0.685,1.803,1.332,2.224,1.141,1.385,0.565,2.757,4.852,4.106,2.235,3.458,2.02,0.033,0.12,4.999,3.28,2.727,2.938
"1870-04",1.28,1.59,1.26,3.203,2.759,3.631,1.182,1.28,0.599,7.485,8.793,4.971,5.119,3.025,1.471,2.905,2.402,2.467,1.339,1.439,0.126,1.753,6.083,3.633,4.029,2.059,2.284,2.884,0.495,1.483,1.115,1.552,1.884,1.131,2.169,3.308,0.401,0.498,6.392,0.974,0.09,1.875,1.438,3.667,1.016,1.46,0.529,2.819,5.23,4.106,2.151,5.726,2.02,0.037,0.087,4.561,3.075,3.062,2.933
"1870-05",1.401,1.971,1.35,2.753,5.142,3.429,1.293,2.427,1.421,8.297,8.798,1.501,1.346,4.102,1.962,2.99,2.109,2.238,1.6,1.478,0.441,4.113,4.79,3.618,3.901,0.715,0.923,1.694,0.936,2.308,1.952,1.965,1.677,1.147,2.977,3.642,0.638,0.764,6.62,0.302,0.209,1.241,1.292,3.76,0.857,1.265,0.396,3.396,4.636,3.535,1.956,6.938,2.254,0.065,3.245,8.619,1.873,3.292,2.991
"1870-06",1.214,1.687,1.963,2.568,4.732,3.905,2.825,8.133,4.448,4.77,7.609,0.627,0.394,3.583,1.307,3.9,1.75,3.053,2.399,1.297,0.437,6.181,3.225,2.933,0.803,0.569,0.54,0.992,1.514,2.25,2.822,2.626,0.781,1.257,3.672,5.104,0.086,3.686,7.988,0.203,0.573,1.217,2.215,2.7,0.821,1.118,0.707,4.323,4.089,3.484,1.865,4.706,1.846,2.332,3.426,6.945,1.796,3.021,3.05
"1870-07",1.836,2.463,2.307,1.413,3.578,3.829,3.128,9.832,3.656,4.494,5.69,0.325,0.477,3.321,2.13,2.841,2.301,2.94,1.757,0.554,0.153,6.524,2.691,2.155,0.73,0.351,0.646,0.789,1.427,2.113,2.693,3.708,0.35,1.307,5.515,6.312,0.011,5.026,7.054,0.283,0.381,1.333,2.15,3.536,0.764,1.55,1.122,5.397,4.39,3.027,2.443,2.619,2.533,1.679,5.353,6.435,1.013,2.854,3.091
"1870-08",2.302,2.911,2.311,1.383,3.581,3.667,4.22,7.205,3.529,4.623,4.703,0.266,1.01,2.208,0.855,2.705,2.26,1.841,2.561,0.638,0.158,6.361,3.573,2.375,0.827,0.379,0.809,1.018,1.899,1.193,2.834,2.953,0.288,0.589,6.053,5.565,0.023,6.277,6.616,0.089,0.21,0.681,2.353,3.417,0.707,1.244,1.147,5.919,3.73,2.948,2.919,1.233,2.194,1.946,9.074,4.331,1.06,2.974,3.016
"1870-09",2.528,3.297,2.289,2.055,2.688,3.036,4.625,7.449,3.687,7.564,4.483,0.772,4.782,2.217,2.589,2.248,3.298,2.313,1.805,1.141,0.193,5.188,4.57,2.198,1.766,0.562,0.661,1.057,1.54,1.707,1.749,3.006,0.284,0.479,2.79,3.478,0.055,4.43,6.351,0.052,0.156,0.501,1.888,3.189,0.824,1.399,1.201,5.62,4.245,2.807,4.082,1.169,1.815,1.648,8.487,4.257,1.11,2.523,2.981
"1870-10",1.929,2.781,1.987,1.796,3.356,5.242,2.964,8.545,4.968,7.818,4.104,1.164,7.511,2.223,3.298,2.392,4.368,1.503,1.667,1.527,0.237,3.702,6.506,3.664,6.451,1.254,2.408,1.897,1.76,1.695,1.237,2.696,1.796,0.45,1.32,2.299,0.424,1.244,4.369,0.077,0.265,0.994,1.047,2.145,0.605,1.599,1.137,5.333,4.421,2.422,4.229,1.503,2.066,2.221,6.688,4.841,1.474,2.539,2.955
"1870-11",1.972,2.51,1.653,2.61,1.828,3.976,2.301,6.942,4.638,9.017,7.929,2.345,7.277,2.362,4.219,2.611,3.327,2.528,1.829,2.419,0.106,1.356,6.57,4.153,8.444,2.64,2.093,1.284,1.441,1.513,1.178,2.689,1.818,0.171,1.023,1.316,0.261,1.581,6.403,0.143,0.502,0.885,1.305,2.173,0.519,1.219,0.706,4.411,5.365,2.288,3.344,3.814,1.937,3.596,9.064,4.948,1.22,2.391,2.96
"1870-12",2.452,1.567,1.378,4.586,1.721,4.258,2.688,1.973,1.478,6.586,5.505,8.274,11.119,1.701,3.918,2.829,2.078,2.395,1.545,3.175,0.11,0.278,5.381,1.223,9.811,2.767,4.364,3.89,0.666,1.139,0.513,2.026,1.813,0.374,0.952,2.485,0.059,0.348,4.798,0.503,0.32,0.798,1.13,3.087,0.482,1.036,0.539,3.482,7.884,2.791,3.429,4.008,2.319,2.912,1.775,7.849,1.298,2.414,3.015
"1871-01",2.009,2.297,1.216,2.572,1.717,4.424,1.903,0.697,1.252,5.9,3.477,8.208,13.24,1.923,4.193,2.816,2.266,1.625,1.552,2.488,0.086,0.057,3.501,0.71,8.029,2.837,6.403,7.56,0.612,1.04,0.366,1.145,2.121,0.31,1.005,2.254,0.111,0.232,7.027,1.205,0.629,0.52,1.125,2.471,0.752,0.944,0.475,2.739,9.832,2.451,3.603,3.292,1.573,0.238,0.421,8.681,2.199,2.3,3.021
"1871-02",2.138,1.362,0.91,5.362,2.638,4.915,2.5,0.888,1.263,5.912,4.143,7.588,11.251,1.226,3.931,2.607,2.736,2.085,1.176,1.477,0.029,0.03,2.851,0.922,7.275,3.579,4.848,6.51,0.373,1.32,0.496,1.85,2.344,0.601,1.517,3.353,0.262,0.444,5.438,3.209,0.951,2.926,1.341,3.581,0.814,1.368,0.545,2.048,9.337,3.211,3.062,3.278,2.09,0.277,0.148,5.713,3.654,2.689,3.042
"1871-03",2.096,1.989,1.143,3.792,1.909,3.009,1.902,0.814,0.949,7.947,5.112,6.009,9.753,2.157,4.168,2.878,2.132,1.562,2.187,1.534,0.07,0.298,4.072,0.915,3.936,2.57,4.941,4.261,0.477,1.841,0.908,1.318,1.831,0.534,2.66,3.255,0.179,0.981,5.26,7.317,1.775,1.831,1.672,2.559,1.03,1.303,0.472,2.093,8.932,3.187,2.706,2.772,2.51,0.043,0.124,5.832,3.52,2.926,3.033
"1871-04",1.486,1.531,1.546,2.545,3.202,3.272,1.163,0.781,1.874,8.291,8.877,4.323,4.801,2.598,3.635,2.667,2.76,2.422,1.872,1.14,0.159,1.325,5.404,2.869,5.186,0.21,2.53,4.221,0.898,1.638,1.046,1.305,2.422,0.825,2.957,2.998,0.652,1.684,6.919,3.05,0.132,1.543,1.711,3.226,0.903,2.216,0.468,1.671,8.602,3.126,2.409,4.612,2.279,0.019,0.069,6.338,2.219,3.019,2.974
"1871-05",1.719,1.129,1.488,3.456,5.042,3.03,1.493,4.393,2.996,9.387,10.474,2.472,2.711,3.75,2.604,3.174,1.364,2.295,2.887,0.884,0.261,3.246,4.582,3.303,4.382,0.433,1.273,1.633,0.978,1.876,1.618,1.389,1.705,1.08,2.947,4.463,0.304,1.151,6.887,0.652,0.047,1.023,1.979,3.015,0.878,1.329,0.538,2.079,7.505,3.128,1.848,5.691,2.786,0.06,0.492,6.164,2.13,3.167,2.977
"1871-06",1.882,1.632,1.701,3.591,4.639,4.364,1.385,7.849,6.839,6.307,8.72,0.908,0.402,3.219,1.298,2.451,1.432,4.201,2.155,1.19,0.323,4.684,3.64,4.254,3.551,0.356,0.712,1.488,1.303,2.351,2.335,2.554,1.086,1.467,3.847,6.082,0.48,2.387,7.809,0.404,0.352,1.589,2.172,4.124,0.742,1.295,0.686,3.075,5.749,3.062,2.399,3.978,2.433,2.962,6.179,8.017,1.587,3.037,3.102
"1871-07",1.286,2.553,2.011,1.729,4.397,4.363,3.383,12.115,4.392,6.636,6.268,0.871,1.471,5.757,3.31,2.706,2.447,2.382,2.745,0.385,0.187,6.166,3.108,2.306,1.066,0.685,0.949,1.4,1.355,2.664,3.335,3.689,0.516,1.03,5.998,6.338,0.009,5.887,8.355,0.311,0.313,1.549,2.678,4.195,0.925,1.635,0.741,4.104,4.587,3.116,2.349,1.884,2.419,2.465,7.665,4.092,1.108,2.905,3.109
"1871-08",1.671,3.215,2.794,0.898,3.091,4.261,2.998,12.018,3.421,7.129,6.363,0.652,1.229,3.484,1.497,2.229,2.18,2.336,2.116,0.626,0.099,6.325,3.377,2.357,0.966,0.476,0.594,0.625,1.439,1.985,3.671,2.247,0.177,0.741,5.411,5.612,0.031,6.893,7.173,0.135,0.305,0.873,1.99,3.184,0.791,0.951,1.233,5.366,4.123,2.747,2.767,1.469,2.029,2.467,7.918,4.261,0.964,2.708,3.018
"1871-09",2.689,3.156,2.445,1.921,1.717,3.135,4.448,9.284,4.507,7.806,4.987,0.45,3.898,2.392,2.372,2.354,2.21,2.237,2.378,0.86,0.088,4.519,4.306,1.619,1.385,0.588,0.777,0.848,1.534,1.632,1.532,2.734,0.235,0.536,3.112,5.295,0.036,5.037,7.106,0.094,0.429,0.865,1.576,2.723,0.705,1.114,1.228,5.79,4.024,2.327,3.878,1.44,2.092,3.115,9.308,4.607,0.945,2.769,3.008
"1871-10",2.927,2.983,2.168,3.161,2.758,3.028,2.103,8.23,4.531,8.845,5.357,2.424,6.642,1.388,4.264,2.236,2.674,2.303,2.163,1.99,0.384,4.644,5.581,4.244,4.278,0.571,1.314,1.671,1.424,1.943,1.588,2.578,0.883,0.58,0.993,2.083,0.072,1.914,5.681,0.285,0.102,1.094,1.409,2.898,0.825,0.818,0.77,5.669,3.423,2.228,4.193,2.031,1.817,2.464,2.996,7.012,1.383,2.3,2.94
"1871-11",2.334,2.7,1.869,2.77,2.395,3.473,2.263,4.319,1.951,8.719,8.092,3.138,10.975,2.252,3.232,2.846,2.914,1.422,1.617,1.846,0.061,2.01,5.96,4.23,8.561,1.171,2.001,2.556,0.806,1.835,0.984,2.14,2.399,0.597,0.872,1.555,0.229,0.45,6.913,0.262,0.436,1.332,1.193,2.48,0.663,0.626,0.531,4.739,3.839,2.694,3.396,4.297,1.996,2.62,5.203,7.034,1.309,2.424,2.95
"1871-12",1.525,2.599,0.901,2.351,2.159,4.296,3.353,2.12,0.896,5.95,6.452,8.239,12.401,1.574,3.542,2.463,3.734,3.076,2.22,1.629,0.045,0.114,4.478,0.925,8.825,2.882,4.519,3.285,0.57,1.598,0.432,1.42,1.719,0.247,1.135,2.263,0.138,0.441,6.306,1.496,0.873,1.974,1.118,2.805,0.526,0.924,0.467,4.67,4.312,2.762,3.645,3.953,2.123,2.202,0.74,11.013,0.985,2.366,2.996
"1872-01",1.629,1.926,0.967,3.459,1.582,3.112,2.414,1.378,0.941,5.69,5.537,8.161,13.226,1.779,3.827,2.458,2.526,3.306,2.145,2.365,0.03,0.052,3.642,0.833,8.197,3.974,7.452,5.359,0.629,1.285,0.574,1.56,0.8,0.247,0.742,1.767,0.063,0.566,8.372,4.826,0.315,1.207,1.021,2.422,0.541,1.211,0.538,3.391,4.636,3.636,2.858,4.155,1.925,1.217,0.785,9.845,1.119,2.526,3.005
"1872-02",1.959,1.635,1.05,2.339,1.305,2.437,2.006,0.939,0.876,5.982,6.515,10.521,13.215,2.176,3.243,2.926,2.116,2.94,1.076,2.834,0.073,0.183,4.153,0.927,5.496,3.555,6.821,4.67,0.356,0.269,0.433,1.861,1.589,0.467,0.983,2.542,0.148,0.143,7.178,4.656,1.141,2.233,1.317,2.432,0.799,1.391,0.675,3.27,4.154,3.55,2.926,3.378,1.994,0.241,0.963,8.333,2.362,2.651,2.948
"1872-03",1.115,1.738,1.018,2.73,1.857,2.62,2.746,0.739,0.804,7.245,5.573,11.005,11.025,2.108,2.249,2.805,2.349,2.733,1.372,1.214,0.031,0.584,2.514,1.85,5.753,3.116,7.025,8.65,0.517,0.746,0.578,1.288,2.212,1.189,1.515,3.157,0.385,0.293,6.475,7.201,1.154,2.308,1.347,3.427,1.095,1.507,0.538,2.751,4.424,3.889,2.738,3.762,2.08,0.051,0.027,5.534,2.804,2.838,2.95
"1872-04",1.49,1.55,1.452,3.293,2.895,3.648,0.716,0.861,0.817,7.155,6.437,5.735,8.169,2.753,3.25,2.904,2.419,2.518,1.52,1.103,0.192,2.332,6.202,2.371,6.402,0.712,3.508,4.586,0.624,1.182,1.109,1.796,2.043,1.228,1.763,3.528,0.223,0.489,7.345,3.968,0.046,1.009,1.196,3.744,0.885,1.801,0.398,2.666,4.808,3.801,2.229,6.623,2.073,0.081,0.182,6.374,1.899,3.015,2.957
"1872-05",1.478,1.439,1.843,3.628,3.375,3.697,0.957,3.229,2.683,7.668,8.307,2.452,1.383,3.491,2.414,2.362,1.226,2.336,2.196,1.559,0.428,4.465,4.641,3.31,3.5,0.603,1.502,2.325,1.107,1.36,1.857,1.485,1.647,1.289,3.472,4.962,0.287,0.928,7.238,1.268,1.357,2.801,1.618,3.716,0.798,1.493,0.554,3.541,3.195,3.633,1.48,8.587,2.464,0.081,4.861,8.47,1.74,3.078,2.993
"1872-06",1.929,2.126,1.863,2.465,2.834,4.26,1.252,8.994,5.911,6.057,8.068,1.042,0.687,3.754,1.35,2.877,1.183,3.478,1.847,1.225,0.276,6.309,4.492,3.541,1.659,0.393,1.243,2.644,1.512,1.824,2.038,2.236,1.369,1.411,3.471,5.957,0.145,2.56,7.263,0.405,0.36,1.469,2.69,3.969,0.879,1.293,0.807,4.128,2.857,3.492,1.839,8.315,2.283,4.089,2.977,7.246,1.752,3.068,3.105
"1872-07",1.919,2.241,2.051,1.511,2.829,3.876,3.092,11.372,4.689,5.536,7.961,0.872,0.296,2.665,1.719,2.503,1.994,3.997,1.235,0.812,0.208,6.541,2.338,3.1,1.027,0.625,0.775,0.805,1.867,1.955,3.085,2.274,0.506,0.863,5.876,6.165,0.25,8.126,7.078,0.273,0.575,1.412,2.592,3.887,0.808,1.297,1.376,4.847,2.63,2.885,2.054,4.924,1.973,4.106,8.564,6.824,1.439,3.021,3.078
"1872-08",2.256,2.577,2.445,1.123,3.34,3.592,3.301,9.327,3.141,4.366,7.039,0.532,0.397,1.989,1.252,2.483,2.216,3.392,2.214,0.371,0.325,8.014,4.531,4.267,1.459,0.235,0.566,0.742,1.538,1.874,2.197,3.359,0.248,1.014,4.694,5.727,0.745,7.021,7.532,0.142,0.263,1.303,1.762,3.159,0.702,1.227,1.101,4.875,2.195,3.097,2.663,2.804,1.924,4.695,9.429,8.963,0.941,2.987,3.048
"1872-09",2.569,2.899,2.206,1.853,2.171,3.773,3.988,10.404,4.532,8.381,7.331,0.305,2.011,1.74,2.479,2.246,3.181,2.028,1.77,0.737,0.264,5.344,5.185,1.898,1.331,0.353,0.873,0.62,1.805,1.738,1.903,2.42,0.246,0.539,2.719,4.626,0.022,4.192,8.25,0.425,0.377,2.24,1.419,2.603,0.528,1.263,1.432,5.155,2,2.661,3.88,2.543,1.888,2.892,9.944,8.018,0.727,2.767,2.993
"1872-10",2.12,2.741,2.54,3.241,2.022,3.348,1.433,8.427,5.981,7.789,7.36,1.616,7.885,1.778,4.056,1.98,3.571,2.849,1.387,1.908,0.03,3.019,5.076,1.316,3.209,0.723,0.945,0.869,1.386,1.075,1.521,2.718,0.226,0.249,1.06,1.915,0.009,4.207,7.866,0.697,0.252,0.326,1.144,2.391,0.65,1.11,1.046,5.342,1.816,2.68,3.483,3.52,2.038,1.845,9.547,8.015,0.811,2.668,2.946
"1872-11",2.477,2.151,1.193,5.491,1.622,2.778,0.735,5.043,4.778,7.221,9.787,3.57,10.424,1.467,2.992,2.54,2.623,3.202,1.846,2.626,0.01,0.584,5.38,0.828,5.615,2.502,2.405,1.727,0.638,1.364,0.66,2.563,0.816,0.369,0.317,2.504,0.045,1.685,6.841,1.911,0.717,2.11,0.651,2.374,0.514,1.078,0.68,5.099,2.022,2.732,3.209,5.52,1.769,3.403,9.427,9.466,1.083,2.316,2.927
"1872-12",2,2.015,1.139,3.887,1.03,3.933,0.634,2.363,1.267,5.799,6.811,9.656,12.915,2.103,3.137,2.34,2.891,2.587,1.042,2.138,0.039,0.176,3.893,0.14,5.797,3.282,5.868,3.136,0.742,0.994,0.437,2.085,1.479,0.239,0.499,3.286,0.053,0.27,7.592,2.493,2.147,4.676,1.701,1.874,0.524,0.954,0.707,4.347,3.047,3.095,2.686,5.763,1.784,0.853,3.871,13.607,1.487,2.281,3.02
"1873-01",1.974,1.798,1.307,3.249,1.54,3.068,1.609,1.115,0.803,5.136,6.502,9.331,12.592,2.586,4.069,2.367,2.94,2.819,1.128,2.538,0.029,0.043,3.631,0.142,4.572,3.2,6.046,3.653,0.708,0.69,0.523,1.503,0.906,0.224,1.625,1.807,0.08,0.79,9.664,7.388,3.619,5.408,1.69,2.825,0.635,0.981,0.66,4.155,2.641,3.293,2.642,5.084,1.693,1.062,5.766,7.288,2.147,2.373,2.999
"1873-02",2.27,1.715,0.85,4.278,1.439,3.268,0.638,0.824,1.068,5.043,4.8,12.49,11.239,1.666,2.865,2.39,2.327,1.974,1.596,2.336,0.023,0.146,3.273,0.345,4.582,4.705,5.167,7.445,0.456,1.172,0.373,1.671,1.307,0.621,0.821,2.799,0.018,0.698,7.227,8.775,1.421,4.075,1.857,2.917,0.78,1.016,0.788,3.101,2.947,3.847,2.522,4.959,2.085,0.215,6.769,7.318,2.783,2.655,2.957
"1873-03",2.01,1.883,1.241,3.4,1.707,2.231,0.979,0.81,0.61,6.399,6.855,9.889,10.786,1.663,2.979,2.702,2.047,1.772,1.308,1.481,0.034,0.555,4.156,0.758,3.632,2.923,4.246,3.915,0.645,1.177,0.764,1.64,1.514,0.741,1.439,2.401,0.081,0.322,7.8,8.688,1.746,1.433,1.21,3.214,0.947,1.305,0.657,2.832,3.194,4.076,2.056,6.063,2.047,0.041,1.698,6.02,2.678,2.858,2.91
"1873-04",1.823,1.756,1.337,3.173,2.092,2.425,1.874,1.244,0.722,7.933,7.966,6.035,5.343,2.931,2.856,3.263,1.68,2.101,1.504,1.778,0.203,2.1,6.467,1.887,3.677,1.899,3.17,2.07,0.912,0.669,1.041,2.231,2.437,1.435,2.322,3.436,0.084,0.248,7.002,4.322,0.786,1.735,1.83,3.667,0.994,1.261,0.732,3.334,2.488,3.931,1.767,7.507,2.066,0.038,1.521,5.146,3.089,3.143,2.927
"1873-05",1.457,1.359,1.247,2.049,3.588,3.654,1.631,3.921,1.124,7.226,8.193,2.977,1.462,2.811,1.38,3.222,1.615,2.131,1.598,1.067,0.106,2.957,4.696,3.343,4.103,0.848,1.665,3.23,1.333,1.451,1.598,2.6,1.25,1.194,3.457,4.076,0.078,1.698,9.262,2.161,0.154,2.718,1.168,3.567,0.959,1.463,0.795,3.872,2.02,4.292,1.61,9.028,2.119,0.17,2.424,3.893,2.224,3.03,2.963
"1873-06",1.538,1.893,1.263,2.72,3.833,4.275,3.399,7.264,2.671,4.246,7.75,2.269,0.413,2.879,1.215,2.272,1.512,2.817,3.103,0.522,0.238,5.941,3.319,2.891,1.292,0.56,0.692,1.185,1.628,1.742,2.071,2.059,0.571,0.926,3.548,5.837,0.055,2.625,6.748,0.468,1.107,1.439,2.711,3.826,0.741,1.493,0.835,4.671,1.582,3.681,1.55,8.413,2.137,4.563,3.783,7.902,1.885,3.252,3.025
"1873-07",1.203,2.427,2.011,1.668,3.29,3.565,3.157,8.046,2.606,3.393,7.14,1.234,0.283,1.88,1.127,2.266,2.805,2.666,1.673,0.442,0.121,7.503,2.358,2.733,0.738,0.386,0.521,0.744,1.699,1.664,3.24,3.339,0.427,1.339,7.004,6.371,0.173,6.153,6.844,0.308,1.119,1.929,3.031,4.311,0.688,1.65,1.581,4.896,2.014,3.28,2.003,6.617,1.834,3.253,5.796,6.842,1.3,2.948,3.016
"1873-08",1.609,2.96,2.176,1.499,2.393,4.784,3.251,9.219,3.128,5.701,7.303,0.635,0.492,1.829,1.341,2.383,2.889,1.902,2.61,0.136,0.31,7.891,4.074,2.942,0.891,0.426,0.835,0.75,1.925,1.63,2.905,2.753,0.192,1.099,6.265,6.266,0.358,5.922,6.67,0.152,0.181,1.211,2.574,3.636,0.729,1.74,1.284,5.248,1.665,2.927,2.33,3.642,1.998,3.067,4.544,9.594,1.406,2.846,3.03
"1873-09",2.165,2.88,2.792,1.495,1.488,4.484,3.456,8.908,5.508,6.655,7.616,0.507,1.522,1.745,1.404,2.175,3.267,2.558,1.617,0.658,0.077,5.377,4.593,2.194,1.151,0.431,0.477,0.401,1.87,1.185,1.714,3.562,0.166,0.648,3.446,4.011,0.109,5.096,9.262,0.343,0.566,1.71,1.909,3.014,0.555,1.277,0.934,5.664,1.678,2.756,3.072,2.586,1.901,3.161,11.413,6.089,0.939,2.611,2.975
"1873-10",2.906,2.741,2.258,2.068,2.738,3.768,3.598,8.429,3.289,8.788,7.159,1.124,7.38,1.939,3.628,2.305,2.636,2.034,1.547,1.845,0.039,3.081,5.009,1.53,2.078,0.82,1.447,1.031,1.603,1.714,1.478,2.675,0.431,0.419,1.021,2.57,0.018,2.546,7.642,0.264,0.482,0.932,1.185,2.098,0.652,1.108,1.038,5.444,1.726,2.63,3.398,3.48,1.963,1.168,6.325,8.45,1.162,2.48,2.905
"1873-11",1.451,2.248,1.613,4,2.127,3.764,2.604,4.336,1.812,8.016,8.444,3.169,6.903,2.194,3.229,2.77,3.129,3.328,2.183,2.132,0.029,1.037,5.522,2.428,7.283,2.356,2.085,0.708,0.992,1.546,0.908,2.666,1.186,0.24,0.629,1.768,0.113,1.057,7.571,1.579,1.161,2.203,1.206,3.035,0.538,0.849,0.519,5.181,2.246,2.895,3.515,5.012,1.649,2.948,7.536,7.99,0.978,2.384,2.946
"1873-12",2.387,2.205,1.152,4.489,1.345,3.748,2.34,1.475,0.798,5.976,6.703,7.177,12.537,1.479,2.531,2.725,2.919,1.929,1.99,2.086,0.063,0.061,3.992,0.699,6.445,3.191,5.514,4.319,0.862,1.393,0.566,2.012,1.589,0.255,0.945,1.387,0.209,0.375,8.193,1.984,0.637,1.067,1.147,2.824,0.515,0.783,0.704,4.409,3.356,3.178,3.153,5.813,1.884,0.894,0.586,9.491,1.797,2.308,2.968
"1874-01",1.994,1.953,1.373,4.407,0.912,3.429,0.206,1.021,1.011,6.019,5.829,8.618,11.696,2.713,3.564,3.051,3.162,2.153,1.533,2.924,0.039,0.037,3.688,0.062,4.302,4.068,6.086,4.19,0.459,1.293,0.423,1.733,1.211,0.179,1.035,1.296,0.029,0.68,7.956,8.551,2.194,3.754,1.174,2.156,0.547,0.892,0.578,3.841,3.361,3.37,2.578,4.739,1.654,0.602,1.792,9.971,2.091,2.372,2.962
"1874-02",2.156,1.613,1.3,6.236,1.647,3.156,0.733,0.573,1.047,7.006,6.164,8.674,13.436,2.54,3.608,2.743,2.464,2.244,1.546,2.376,0.044,0.132,3.31,0.122,3.362,2.578,5.509,10.664,0.478,0.579,0.556,1.428,1.649,0.279,1.642,2.049,0.039,0.473,5.67,9.685,1.431,3.999,0.969,2.722,0.752,1.014,0.647,3.589,3.232,3.736,2.421,4.885,1.662,0.398,0.12,8.081,3.31,2.557,2.957
"1874-03",1.763,1.764,1.291,3.104,2.31,2.897,1.07,0.546,0.7,6.371,6.776,9.638,13.516,2.123,2.897,2.351,2.833,1.454,0.566,1.862,0.098,0.428,4.324,0.255,3.691,2.254,2.863,5.136,0.639,0.337,0.566,1.536,2.02,0.448,2.182,2.421,0.147,0.518,7.085,6.768,1.546,1.741,1.653,3.007,0.865,2.051,0.786,2.898,3.657,4.137,1.93,4.708,2.773,0.014,0.158,6.026,2.956,2.858,2.929
"1874-04",1.598,1.901,1.021,1.979,2.852,3.035,1.539,0.993,0.657,5.607,7.003,7.276,6.111,2.271,1.315,2.91,1.954,2.057,1.872,1.569,0.036,1.371,5.347,1.086,2.463,1.987,2.673,3.768,1.033,1.302,1.278,1.368,1.657,0.825,2.557,2.596,0.206,1.393,7.435,2.62,0.416,1.513,1.451,3.449,1.033,1.555,0.386,3.14,3.595,3.771,1.754,7.532,2.631,0.041,2.072,5.345,3.008,3.128,2.889
"1874-05",1.235,1.353,1.395,2.32,3.934,2.979,2.859,4.043,0.915,6.714,7.825,3.977,1.949,3.588,1.078,3.049,1.921,2.527,1.815,1.374,0.359,3.274,4.774,2.854,2.899,0.41,1.107,1.255,0.762,1.553,1.858,2.31,2.391,1.426,2.96,4.352,0.411,0.749,8.066,0.817,0.264,2.591,1.441,3.284,1.017,1.599,0.556,3.783,2.967,3.92,1.719,8.043,1.99,0.105,2.028,5.026,2.153,3.139,2.936
"1874-06",1.672,2,1.954,2.277,3.565,4.334,2.93,8.735,2.378,5.546,6.87,1.033,0.291,4.708,1.209,3.139,1.602,2.357,1.984,1.065,0.425,6.368,4.25,2.528,1.915,0.446,1.844,2.764,1.471,1.897,2.269,2.375,0.692,1.08,4.025,5.206,0.064,2.335,7.143,0.527,0.541,3.319,1.711,3.542,0.781,1.398,0.64,4.201,2.918,3.384,1.54,8.963,2.245,2.504,2.157,6.002,1.998,2.888,2.995
"1874-07",1.842,2.7,1.908,1.634,3.432,4.473,2.924,9.33,2.751,4.781,7.318,0.634,0.292,3.538,1.176,2.383,2.261,2.76,1.844,0.88,0.33,7.651,2.651,2.46,0.871,0.611,0.75,1.64,2.295,1.48,2.992,1.695,0.414,0.756,5.427,5.836,0.026,8.287,6.712,0.294,0.329,0.709,2.562,4.001,0.796,1.438,1.304,5.729,3.014,3.043,2.038,5.336,2.029,4.091,9.169,4.038,1.224,2.994,3.102
"1874-08",1.917,2.878,2.243,1.815,3.434,4.486,3.675,9.738,3.45,6.284,6.42,0.581,0.863,2.89,1.496,2.281,1.879,2.322,2.098,0.648,0.126,7.218,3.445,2.101,0.854,0.642,0.493,0.66,2.167,1.722,2.7,2.78,0.232,1.097,5.575,6.455,0.012,5.404,7.375,0.12,0.133,0.409,2.516,2.843,0.622,1.426,1.479,5.519,3.411,3.005,2.559,2.523,1.924,2.387,8.819,3.736,1.061,2.863,3.031
"1874-09",2.818,3.125,2.265,2.006,2.341,3.406,2.612,6.829,2.684,7.742,5.463,0.586,0.902,1.963,1.908,2.166,2.415,1.658,1.891,0.943,0.089,5.071,4.408,1.781,1.107,0.414,0.774,0.631,1.87,1.985,1.738,2.066,0.165,0.542,2.486,3.689,0.045,4.893,6.12,0.073,0.192,0.346,1.832,3.051,0.601,1.229,1.187,6.033,4.095,2.792,3.626,2.399,1.712,1.601,7.372,3.88,0.997,2.792,2.934
"1874-10",2.154,2.807,1.751,1.573,2.253,4.241,4.262,7.915,4.231,9.986,6.159,1.969,6.273,2.159,4.43,2.404,3.382,3.06,2.393,1.677,0.201,2.466,6.331,5.351,6.343,0.822,0.994,1.295,1.18,1.94,1.395,2.371,1.35,0.261,1.541,1.716,0.706,2.647,4.598,0.252,0.132,0.423,1.36,2.51,0.684,0.882,0.672,5.363,4.604,2.198,3.51,2.29,2.054,2.337,6.965,4.667,1.195,2.642,2.931
"1874-11",2.125,2.923,1.653,3.518,1.818,3.144,4.718,4.185,2.033,8.972,6.951,2.852,8.669,1.266,3.632,2.035,2.645,3.356,1.406,2.602,0.052,1.322,6.074,3.722,9.715,1.543,4.556,3.912,1.014,1.542,0.792,1.92,1.325,0.431,1.528,2.303,0.886,0.912,5.297,0.467,0.281,0.312,0.945,1.927,0.626,1.271,0.634,5.004,5.213,2.393,3.451,3.681,1.911,4.915,2.513,5.915,1.304,2.282,2.969
"1874-12",1.667,1.888,1.437,4.247,1.372,3.928,2.111,1.644,2.162,8.14,4.202,4.864,11.441,1.563,6.158,2.922,2.979,3.515,2.437,2.153,0.06,0.109,4.035,2.293,10.333,2.512,7.077,5.497,0.825,2.049,0.886,2.119,1.154,0.107,0.953,1.69,0.672,1.019,5.761,1.475,0.943,2.172,1.167,2.27,0.589,0.834,0.582,3.64,7.431,2.504,3.219,3.764,1.929,2.249,1.039,9.103,1.384,2.405,3.022
"1875-01",1.981,1.617,1.487,4.886,2.22,4.169,2.948,0.661,1.493,6.215,3.9,6.948,11.782,1.111,4.573,1.815,2.68,2.667,1.515,2.054,0.107,0.026,3.291,1.111,8.213,3.748,7.655,7.736,0.511,1.012,0.343,1.434,1.465,0.318,1.312,2.303,0.325,1.348,5.346,5.241,1.155,1.241,0.944,2.579,0.628,0.991,0.595,2.847,8.697,2.978,3.348,2.88,1.883,1.014,0.132,6.098,2.068,2.567,3.02
"1875-02",1.675,1.451,0.946,4.929,2.709,4.038,3.565,0.271,1.196,5.759,2.606,8.234,13.651,1.455,3.622,2.899,2.762,2.274,1.387,1.896,0.02,0.042,2.817,1.659,5.305,2.86,7.073,7.588,0.444,1.185,0.558,1.112,2.38,0.399,1.107,2.161,0.841,0.692,5.502,9.816,1.684,3.373,0.82,3.5,0.817,1.354,0.467,2.485,8.261,3.35,3.461,2.225,2.72,0.766,0.267,5.12,2.874,2.627,3.072
"1875-03",1.976,1.16,0.777,3.777,2.553,3.847,1.582,0.406,0.874,6.15,3.077,6.857,11.372,1.966,4.555,2.898,2.976,3.027,2.483,1.485,0.081,0.453,4.439,2.21,5.375,1.65,2.481,6.052,0.908,1.385,0.963,1.635,1.808,0.504,2.382,3.003,0.3,0.972,6.122,3.766,2.239,1.327,1.104,2.986,0.782,1.477,0.508,1.868,9.055,3.239,2.756,3.179,2.528,0.246,0.239,5.334,3.535,2.838,3.001
"1875-04",1.788,1.051,1.228,4.086,3.799,3.672,1.273,0.816,1.141,9.046,7.705,5.788,5.811,2.088,2.456,2.722,2.08,2.534,1.121,1.904,0.268,2.323,6.276,3.044,4.278,0.43,1.474,3.651,0.799,1.071,1.547,1.343,2.412,0.656,2.572,4.082,1.482,1.934,4.965,2.804,1.546,4.082,1.544,2.862,0.884,1.664,0.655,1.635,8.78,3.199,2.033,5.439,2.336,0.701,0.034,6.009,3.432,3.091,3.016
"1875-05",1.4,1.689,1.386,3.927,4.431,4.049,1.119,1.934,2.812,7.824,9.424,3.131,1.037,3.389,2.066,2.409,1.713,2.113,1.455,1.905,0.464,4.122,4.959,4.45,5.319,0.519,0.914,1.094,1.105,1.222,1.436,1.862,3.539,1.21,3.011,3.925,1.209,1.314,6.063,2.869,1.351,4.958,1.7,3.342,0.766,1.928,1.154,1.682,8.422,3.106,1.521,6.684,2.383,0.208,0.111,6.801,2.312,3.305,3.045
"1875-06",0.862,2.477,1.809,3.075,4.505,4.831,1.583,7.135,2.942,5.535,8.659,0.627,0.279,3.594,1.025,2.782,1.568,2.619,1.489,1.486,0.802,8.147,5.153,5.303,3.771,0.613,0.577,1.065,1.52,1.695,2.893,2.165,2.261,0.816,4.444,4.956,1.09,1.506,5.323,0.626,0.932,3.128,2.613,3.769,0.794,1.587,0.789,2.299,8.842,2.667,1.715,5.476,2.62,1.216,1.32,10.477,1.918,3.108,3.159
"1875-07",1.633,2.885,2.023,3.343,4.775,4.677,1.267,12.097,5.414,4.772,5.662,0.397,0.857,1.61,2.973,2.078,2.014,3.012,2.169,1.256,0.605,8.322,3.076,2.593,0.568,0.635,0.825,1.223,1.819,1.195,2.672,2.881,0.948,0.773,5.648,6.98,0.175,5.126,7.585,0.153,0.245,1.097,3.16,3.793,0.926,1.755,0.993,4.247,5.336,2.903,2.505,2.291,2.442,4.033,11.875,5.524,1.427,2.9,3.181
"1875-08",1.569,3.011,2.294,1.923,3.178,3.822,3.189,9.561,3,6.091,4.419,0.572,1.753,2.892,3.264,1.987,2.609,2.203,2.336,0.499,0.372,7.497,2.842,2.082,0.59,0.28,0.75,1.889,1.88,1.588,2.404,3.054,0.366,1.189,4.413,7.728,0.042,4.22,7.174,0.169,0.141,0.654,2.455,3.201,0.701,1.59,1.229,5.023,4.945,2.709,3.324,1.014,2.187,1.875,5.769,5.01,0.882,2.859,3.055
"1875-09",2.829,2.549,2.385,2.339,2.155,3.993,2.574,8.879,4.222,8.503,3.99,0.477,2.641,3.116,2.941,2.481,2.617,2.536,1.35,0.964,0.075,4.781,4.94,2.167,2.287,0.859,0.725,0.598,1.505,2.18,1.995,2.863,0.36,0.629,2.927,4.03,0.052,4.672,7.029,0.158,0.151,1.878,1.019,3.096,0.714,1.277,1.107,5.255,4.704,2.316,4.411,1.292,2.193,1.092,9.3,4.894,0.772,2.62,2.982
"1875-10",2.297,3.07,2.142,2.405,2.174,3.668,2.368,8.039,4.448,8.467,4.704,1.4,5.565,2.297,3.141,2.457,2.563,3.195,2.145,1.777,0.09,4.276,5.928,3.948,6.23,0.867,1.141,0.692,1.478,1.981,1.563,2.165,0.76,0.365,1.719,1.417,0.11,1.528,6.278,0.106,0.185,0.932,1.463,3.133,0.565,1.228,0.969,5.458,4.033,2.253,4.041,2.149,1.988,2.355,5.376,7.579,0.972,2.498,2.949
"1875-11",2.244,2.52,1.319,2.942,2.634,3.925,2.515,5.996,2.043,8.324,7.576,4.991,11.021,2.043,2.413,2.838,2.459,3.164,2.117,2.923,0.019,0.832,5.842,3.166,8.179,2.323,2.788,1.704,0.83,2.038,0.965,2.639,2.062,0.346,0.432,1.164,0.269,0.324,6.523,0.57,0.427,0.718,1.206,3.119,0.633,0.931,0.606,4.864,4.71,2.564,3.328,3.538,1.934,2.249,3.04,8.681,1.131,2.373,3.005
"1875-12",1.636,1.598,1.411,5.47,1.706,3.695,1.869,2.74,1.891,5.178,6.125,5.914,14.057,2.345,4.825,2.655,2.615,3.285,1.518,2.458,0.05,0.054,3.712,1.264,8.385,1.965,5.402,3.566,0.59,0.768,0.351,1.877,2.156,0.526,0.569,2.768,0.21,0.252,5.231,0.62,0.331,2.622,1.267,2.735,0.573,0.81,0.68,4.14,5.163,2.859,3.553,3.886,1.944,0.385,0.286,11.778,1.057,2.37,2.959
"1876-01",2.748,2.134,1.046,2.447,1.191,2.998,2.375,1.052,1.298,4.506,4.5,7.985,13.498,2.067,4.172,3.013,2.194,2.383,0.903,2.307,0.221,0.04,3.448,0.442,7.713,3.266,6.329,6.731,0.476,1.036,0.448,1.367,2.4,0.439,0.536,1.819,0.305,0.1,8.372,3.877,1.202,1.825,1.424,3.47,0.691,0.662,0.375,3.155,6.438,2.917,3.641,3.895,2.036,0.376,0.396,8.373,1.582,2.499,3.007
"1876-02",2.163,2.124,1.168,2.893,1.581,3.064,2.022,0.879,0.678,6.622,4.951,10.394,13.348,2.226,2.572,3.003,1.722,2.147,1.607,2.234,0.182,0.14,2.602,0.263,4.736,2.761,6.597,10.044,0.559,1.189,0.598,1.155,1.695,0.373,1.188,2.36,0.054,0.381,6.993,6.516,0.982,2.987,1.054,3.388,0.807,0.97,0.398,3.051,5.065,3.71,3.043,2.537,2.388,0.27,0.174,7.788,2.853,2.592,2.997
"1876-03",2.475,1.93,0.788,2.644,2.039,2.652,1.633,0.615,0.771,6.909,4.641,10.186,10.708,2.426,2.716,2.698,1.987,1.49,0.628,1.827,0.043,0.807,5.066,1.459,5.432,2.815,4.816,5.694,0.726,0.895,0.721,1.11,1.889,0.79,2.145,2.874,0.184,0.431,6.577,3.763,0.44,0.657,1.411,2.726,0.971,1.662,0.704,2.396,5.555,3.87,2.634,3.578,2.487,0.043,0.37,6.953,2.983,2.851,2.939
"1876-04",1.627,2.086,1.127,3.169,2.5,3.268,1.046,1.312,0.829,8.29,7.846,6.677,6,1.9,1.856,3.149,1.472,2.425,1.9,1.598,0.238,2.483,6.406,2.73,4.459,1.332,1.59,1.714,0.598,1.396,1.082,1.655,1.438,1.018,2.328,3.472,0.092,0.728,6.919,2.506,0.372,1.52,1.988,3.254,1.038,1.311,0.377,2.309,4.988,4.006,1.997,7.015,1.948,0.015,0.497,4.937,3.226,3.145,2.928
"1876-05",1.14,1.653,1.363,3.454,3.547,3.649,0.595,4.054,2.523,8.118,8.016,3.586,0.869,3.415,1.634,3.105,2.168,3.176,1.945,1.431,0.308,6.124,4.349,3.044,3.034,0.883,0.944,0.723,0.967,1.568,1.52,1.761,2.185,1.248,3.283,4.281,0.269,0.909,6.189,2.331,1.794,1.221,2.69,3.854,1.282,1.19,0.573,3.247,4.166,3.519,1.942,8.502,2.224,0.629,1.674,8.003,2.509,2.96,3.018
"1876-06",1.423,2.24,1.939,2.361,3.436,3.96,1.7,8.932,2.702,5.868,8.386,0.961,0.491,2.905,1.005,2.57,2.867,2.719,2.175,0.714,0.502,7.985,3.668,2.51,1.835,0.643,0.511,0.724,1.554,1.531,2.763,2.233,1.147,1.411,3.934,6.245,0.067,2.177,7.793,0.976,1.368,2.738,2.712,4.471,0.92,1.655,0.611,3.803,3.463,3.465,1.991,5.191,2.458,3.054,5.817,7.992,1.633,2.933,3.083
"1876-07",1.75,2.358,2.498,2.257,2.637,3.891,3.475,9.729,4.848,5.422,6.181,0.587,0.583,3.456,1.805,2.701,2.109,3.261,2.431,0.445,0.121,6.818,2.343,2.257,0.651,0.45,1.041,0.814,1.585,1.807,3.501,2.595,0.378,0.883,5.756,6.243,0.017,5.566,8.945,0.263,0.547,4.397,2.127,3.878,0.727,1.296,0.838,4.176,3.529,3.123,2.814,1.944,2.665,2.878,8.429,6.807,1.194,2.925,3.075
"1876-08",2.194,2.882,2.608,1.195,2.511,3.964,2.725,11.428,5.387,4.788,5.314,0.495,0.365,3.015,1.679,2.38,2.643,2.687,1.694,0.398,0.224,6.777,4.115,2.849,1.091,0.313,0.568,0.928,2.106,1.669,2.729,2.411,0.257,0.599,5.31,6.455,0.062,6.651,8.498,0.188,0.437,2.079,2.365,4.109,0.713,1.316,0.937,4.624,3.147,2.686,3.665,1.662,2.008,2.305,7.788,6.913,1.148,2.88,3.054
"1876-09",2.372,3.333,2.411,1.862,1.283,3.22,1.685,9.493,6.581,8.223,5.574,0.834,2.78,1.92,2.654,2.15,3.229,1.777,1.576,0.815,0.056,5.034,4.689,2.24,1.567,0.628,1.212,0.753,1.472,1.746,2.116,3.083,0.252,0.518,3.185,4.877,0.021,4.164,9.209,0.311,0.715,2.429,1.567,3.036,0.497,1.649,1.177,5.204,2.934,2.469,4.028,1.682,2.217,1.062,4.947,5.154,0.844,2.79,2.986
"1876-10",3.015,2.512,2.002,2.647,0.957,3.606,1.133,7.204,6.374,8.122,6.746,2.767,7.513,1.22,3.177,2.339,2.558,1.502,1.305,1.768,0.068,2.935,4.762,1.817,2.433,1.014,1.744,1.436,1.551,1.944,1.522,2.405,0.633,0.479,0.967,2.783,0.048,3.215,7.227,0.543,0.667,1.51,1.105,3.066,0.756,1.081,1.153,5.424,2.493,2.533,4.291,1.881,2.136,0.615,8.583,8.601,0.967,2.502,2.953
"1876-11",2.36,1.891,1.506,2.792,2.359,3.353,2.228,5.304,4.181,7.541,7.307,2.089,7.676,1.27,2.87,2.251,3.159,2.549,1.517,2.624,0.074,0.877,4.722,0.88,5.531,1.386,3.402,2.754,1.135,1.361,0.865,2.497,1.172,0.346,1.197,1.65,0.082,1.17,8.174,0.61,0.916,2.418,2.105,3.372,0.693,1.005,0.678,4.753,3.387,2.573,4.334,3.093,1.869,3.762,3.493,9.843,1.255,2.28,2.963
"1876-12",2.044,2.492,1.343,3.321,1.073,3.493,0.621,3.1,2.541,6.644,7.339,4.578,13.383,1.896,3.864,2.556,2.757,3.046,2.419,2.001,0.071,0.115,3.32,0.209,3.841,2.162,5.4,4.517,0.518,1.64,0.69,1.855,0.837,0.308,0.72,1.027,0.057,1.034,9.398,2.897,0.966,1.985,1.051,3.75,0.675,0.631,0.405,3.919,4.545,2.924,3.199,4.78,1.565,2.623,5.659,9.771,1.311,2.182,2.971
"1877-01",1.787,2.11,0.974,2.219,0.955,2.337,2.357,1.051,1.134,5.855,4.841,7.859,13.694,3.057,3.767,2.831,3.046,2.562,1.595,2.641,0.034,0.02,3.578,0.142,6.693,2.698,5.217,7.301,0.566,0.92,0.246,1.378,1.181,0.281,0.775,2.215,0.143,0.588,8.128,9.328,1.902,2.942,1.533,3.362,0.561,0.968,0.579,3.438,3.921,3.83,3.255,4.293,1.923,0.449,0.699,8.147,2.033,2.381,3.015
"1877-02",2.433,1.249,0.905,4.539,1.188,2.68,0.692,0.94,0.613,5.751,4.41,10.564,13.624,2.409,4.078,2.32,2.571,1.523,1.201,2.135,0.014,0.026,3.6,0.267,4.873,5.113,6.482,8.483,0.743,1.005,0.524,1.352,2.136,0.472,1.977,2.11,0.062,0.524,7.951,10.029,1.845,1.495,1.262,2.3,0.887,1.378,0.909,2.911,4.033,3.525,2.666,3.952,2.104,0.216,0.186,8.27,2.16,2.558,2.972
"1877-03",2.474,1.701,1.376,3.05,2.263,3.634,1.408,0.775,0.883,6.811,6.355,9.292,10.205,2.017,3.119,2.499,2.74,1.662,1.083,1.555,0.033,0.267,4.866,0.748,3.727,2.637,4.933,4.654,0.569,0.823,0.677,1.114,2.548,0.551,2.375,2.869,0.224,0.8,7.75,5.643,0.785,2.24,1.19,1.577,0.852,1.827,0.605,2.335,4.26,4.108,2.31,4.954,2.079,0.093,0.218,6.653,2.791,2.931,2.938
"1877-04",1.915,1.343,0.941,3.804,3.162,3.76,0.727,0.649,0.828,9.065,8.219,5.808,4.617,1.949,2.881,1.87,2.115,1.423,2.071,1.065,0.059,1.264,5.718,1.689,3.883,0.976,2.163,4.016,1.056,1.218,0.931,1.143,2.699,0.974,2.72,3.199,0.358,0.757,7.553,1.738,0.204,3.347,0.922,2.918,0.959,1.394,0.713,2.078,5.798,3.898,1.726,7.238,2.261,0.065,0.149,5.505,2.893,3.15,2.922
"1877-05",1.036,1.583,1.593,2.513,4.071,3.305,0.998,4.118,2.413,6.604,7.083,2.598,2.631,2.375,2.362,2.579,2.179,3.056,2.327,1.215,0.15,3.807,4.451,3.82,3.262,0.313,0.836,2.095,0.984,1.781,1.709,2.235,1.847,1.488,2.342,4.204,0.13,1.181,7.635,0.771,1.503,1.053,1.772,4.035,0.869,1.397,0.5,2.663,5.111,3.538,1.616,7.021,2.369,0.237,3.495,7.815,2.248,3.166,2.962
"1877-06",1.588,2.01,1.838,2.425,4.07,4.871,1.982,8.147,2.128,6.173,9.572,1.559,1.041,2.123,2.14,2.707,1.633,3.21,2.599,0.612,0.119,5.259,2.389,1.614,1.394,0.649,0.516,0.687,1.459,1.969,2.559,2.325,0.735,1.267,3.49,6.316,0.006,1.908,7.939,0.9,1.644,2.664,3.006,4.956,0.963,1.2,0.722,3.718,4.271,3.319,1.698,5.228,2.25,3.176,2.256,6.774,1.389,2.935,3.015
"1877-07",1.487,2.577,2.61,1.505,2.403,4.845,2.848,8.924,3.652,5.923,6.376,0.917,0.754,3.82,2.019,1.81,1.932,3.366,1.965,0.628,0.064,5.316,2.051,2.649,0.801,0.356,1.003,1.551,1.899,1.954,3.482,2.47,0.269,0.857,6.95,6.073,0.018,5.74,8.917,0.263,0.295,2.048,1.826,3.508,0.753,1.634,1.055,4.483,4.048,3.208,2.048,2.58,2.472,2.479,6.446,6.894,1.183,2.857,3.08
"1877-08",1.791,2.816,2.662,1.089,2.658,4.201,2.519,5.754,3.582,6.006,4.223,0.69,1.796,2.808,2.443,2.744,2.616,1.625,1.951,0.62,0.158,6.3,3.482,2.222,0.792,0.449,0.443,0.579,1.971,1.983,3.117,3.496,0.238,0.789,4.722,5.342,0.073,6.68,8.317,0.137,0.159,2.1,1.944,4.027,0.722,1.154,1.114,5.897,3.564,2.983,2.727,1.252,2.251,3.785,7.058,3.975,0.93,2.972,3.061
"1877-09",2.162,3.495,2.269,1.101,2.379,3.661,5.159,8.718,3.867,8.361,5.123,1.582,3.468,2.643,2.189,2.19,2.92,2.59,2.958,0.665,0.299,6.183,4.445,1.618,1.303,0.659,0.588,0.499,1.527,1.793,1.765,2.162,0.414,0.446,3.02,3.576,0.059,4.062,6.628,0.05,0.062,0.261,1.802,2.902,0.638,1.372,1.207,5.625,4.551,2.73,3.927,1.242,1.982,1.991,6.546,3.585,0.723,2.821,3
"1877-10",2.598,2.021,2.027,3.007,1.752,3.936,2.319,8.637,4.388,9.187,5.544,0.846,6.682,3.038,3.074,2.318,3.283,1.918,1.329,2.241,0.587,5.402,6.856,6.409,6.003,0.907,1.925,2.635,1.446,1.368,1.214,2.588,2.197,0.598,1.733,2.449,0.897,1.504,4.113,0.11,0.081,0.37,1.761,2.812,0.678,1.091,1.199,5.192,4.91,2.463,3.702,1.619,2.161,3.446,8.222,4.056,1.331,2.443,2.975
"1877-11",2.528,2.817,1.451,2.948,2.944,3.811,4.3,3.799,2.522,8.77,6.609,1.659,7.454,1.589,3.744,2.567,2.78,1.405,1.952,2.715,0.147,1.702,5.956,3.406,8.227,1.06,4.057,5.115,0.871,1.733,0.717,1.935,2.891,0.408,0.926,1.592,0.552,0.998,4.516,0.214,0.324,0.694,1.06,2.577,0.718,1.245,0.944,5.55,5.653,2.529,3.484,4.627,1.645,2.726,3.494,4.766,1.317,2.297,2.999
"1877-12",1.879,2.08,1.487,5.002,1.313,3.948,1.589,2.118,2.238,6.529,5.773,4.183,10.297,1.739,4.938,2.927,3.347,1.993,1.325,2.545,0.081,0.423,5.464,2.698,9.659,3.03,4.562,3.986,0.563,1.52,0.644,2.056,1.959,0.36,1.126,2.394,1.483,0.756,4.838,1.24,0.557,1.353,1.466,2.699,0.53,0.882,0.681,4.365,6.575,2.588,3.13,5.042,1.941,3.213,1.205,7.024,1.302,2.375,3.002
"1878-01",2.415,1.885,1.053,4.099,1.784,3.296,2.893,0.732,0.792,6.814,4.663,7.083,10.886,1.779,4.442,2.688,2.887,2.537,1.784,2.267,0.065,0.107,3.517,0.646,9.299,3.723,7.422,6.851,0.784,0.879,0.491,1.28,1.911,0.269,1.469,2.608,0.242,0.794,4.303,3.284,0.582,2.461,0.868,3.067,0.679,0.953,0.713,3.301,8.206,2.775,3.19,4.51,1.757,0.518,0.317,9.153,1.979,2.491,3.033
"1878-02",1.593,1.813,1.312,4.881,2.326,3.261,1.317,0.661,0.668,5.98,4.454,9.552,11.863,1.284,3.679,2.627,2.287,1.586,0.797,2.156,0.078,0.176,3.132,0.277,4.522,3.085,8.31,9.317,0.548,0.554,0.3,0.928,2.405,0.466,1.493,3.003,0.228,0.684,5.647,6.791,1.396,2.189,0.933,2.314,0.859,1.159,0.81,2.595,8.751,3.203,2.75,4.205,1.829,0.228,0.176,7.156,2.354,2.873,3.075
"1878-03",2.014,1.663,1.027,2.719,2.004,3.508,1.648,0.253,0.459,7.04,3.881,7.462,12.023,2.984,3.647,3.149,2.895,2.642,1.917,0.926,0.033,0.33,3.223,0.585,2.798,2.042,4.615,5.534,0.874,0.788,0.614,0.787,1.718,0.44,1.715,2.988,0.175,0.693,5.664,5.729,0.525,0.826,1.111,2.267,0.956,1.393,0.592,2.174,8.385,3.426,2.529,3.009,2.288,0.023,0.017,5.686,4.055,2.872,2.957
"1878-04",1.456,1.421,1.343,4.836,3.098,4.464,1.531,0.275,1.178,8.147,9.514,6.206,5.542,2.759,2.341,3.39,2.061,2.5,1.577,1.297,0.177,1.343,5.504,4.06,4.597,1.455,2.205,4.417,1.092,1.281,1.355,1.316,2.603,0.609,2.994,3.222,1.066,2.681,6.074,2.636,0.304,0.458,1.19,3.955,1.103,1.472,0.54,1.709,7.486,3.345,2.298,5.716,2.278,0.06,0.34,5.612,2.939,3.082,3.003
"1878-05",1.257,1.534,1.887,3.411,4.154,3.587,1.323,3.818,1.839,8.473,8.656,2.291,1.4,2.459,2.017,2.846,2.388,1.954,2.148,0.72,0.077,2.226,4.586,4.096,7.157,0.596,2.748,1.426,1.167,1.861,1.362,1.652,2.534,1.471,3.274,4.202,0.263,1.105,5.687,0.781,0.852,1.135,2.044,3.572,0.907,1.328,0.47,2.162,7.979,3.036,1.559,7.599,2.313,0.058,0.383,7.338,2.554,3.102,2.992
"1878-06",1.265,2.144,2.305,2.753,4.083,3.612,2.426,8.529,5.36,4.398,7.177,1.037,0.516,3.986,1.376,3.493,2.032,2.583,3.067,1.426,0.484,6.415,4.005,2.924,2.269,0.625,0.862,1.161,1.576,1.893,2.765,1.757,1.363,1.036,3.668,5.94,0.092,2.175,8.088,0.473,0.515,2.907,3.344,3.807,1.035,1.323,0.799,3.335,4.196,3.249,2.369,5.73,2.023,2.786,4.565,8.585,1.691,2.983,3.09
"1878-07",1.715,2.924,2.81,1.86,2.889,4.058,2.315,10.95,5.222,4.205,6.25,0.586,0.262,4.07,1.384,2.679,2.316,2.086,2.589,0.586,0.234,7.992,2.944,2.688,1.106,0.523,0.813,0.835,1.83,2.211,3.076,3.053,0.586,1.085,5.829,7.188,0.047,5.954,8.239,0.5,1.334,2.002,2.679,3.133,0.723,1.253,1.044,4.431,3.452,2.988,2.609,2.818,2.092,5.237,8.274,7.116,1.372,2.823,3.123
"1878-08",1.668,2.79,2.744,1.018,1.833,4.864,3.483,11.726,5.393,5.742,5.036,0.365,0.575,3.252,2.141,2.401,2.571,2.131,2.489,0.394,0.163,7.122,3.723,2.865,1.206,0.673,0.799,0.648,1.579,2.26,2.767,2.929,0.296,0.618,4.904,7.041,0.469,7.718,7.684,0.181,0.078,0.899,1.874,3.092,0.756,1.304,0.9,5.271,2.64,2.631,3.363,1.323,2.339,2.338,7.953,6.508,0.942,2.994,3.069
"1878-09",2.256,2.677,2.625,2.028,2.232,4.965,3.51,9.56,4.589,7.655,4.729,0.226,1.102,1.7,2.386,2.243,2.86,2.923,1.387,0.551,0.104,5.137,4.575,2.701,2.263,0.342,0.85,0.613,1.61,1.489,1.874,2.98,0.223,0.862,2.948,4.875,0.028,4.959,8.072,0.29,0.163,1.075,1.443,3.389,0.584,1.74,1.214,5.254,2.886,2.715,3.792,1.407,1.808,3.344,9.552,5.971,0.921,2.888,2.996
"1878-10",2.692,2.139,2.018,3.574,3.87,2.951,3.938,8.317,4.121,8.434,5.565,1.852,6.513,1.708,3.287,2.132,2.631,2.371,2.158,1.629,0.084,2.467,5.748,3.55,5.66,1.01,1.54,2.006,1.508,1.353,1.333,3.141,1.031,0.249,1.662,1.14,0.081,2.195,6.301,0.119,0.15,0.911,1.795,3.092,0.523,1.279,1.18,5.377,2.827,2.663,4.234,2.019,1.919,1.913,11.381,5.898,1.122,2.365,2.905
"1878-11",2.201,2.485,1.674,2.789,1.79,3.82,2.517,4.876,3.192,8.136,9.093,2.919,6.645,2.001,3.362,2.337,2.692,3.005,1.369,2.651,0.064,1.257,5.997,3.193,8.752,1.619,4.931,4.017,1.005,1,0.989,2.373,1.986,0.301,1.541,1.734,0.43,0.519,6.016,0.398,0.216,2.352,1.199,2.756,0.488,0.746,0.847,5.003,2.89,2.89,3.887,3.949,1.77,2.176,3.09,8.317,1.486,2.378,2.969
"1878-12",2.553,1.919,1.509,3.433,1.512,4.4,3.589,3.132,1.616,6.438,7.056,4.886,12.999,1.315,4.532,2.298,2.769,3.144,1.814,2.03,0.22,0.112,4.227,2.146,9.432,2.646,5.977,7.141,0.886,1.311,0.605,2.103,1.454,0.282,0.935,1.97,0.629,0.499,8.655,2.02,0.82,3.543,0.949,2.057,0.51,1.311,0.759,4.249,4.227,2.728,3.315,4.015,1.802,2.543,1.209,7.302,1.111,2.287,2.995
"1879-01",2.139,2.67,1.139,2.852,0.994,2.511,1.961,1.354,1.051,4.986,5.733,6.321,13.253,1.683,5.975,2.55,2.281,1.705,1.598,2.055,0.081,0.054,3.334,0.355,6.22,3.756,5.391,7.575,0.509,1.39,0.547,1.408,1.242,0.161,1.027,1.627,0.08,0.309,6.907,8.216,1.979,2.536,1.238,2.899,0.676,0.888,0.536,3.793,4.18,3.44,3.147,4.154,1.702,0.627,0.172,12.392,1.453,2.421,3.017
"1879-02",2.199,1.972,1.345,3.163,1.577,3.066,1.9,0.533,0.913,6.549,6.228,8.72,12.228,2.567,2.755,3.45,1.924,2.019,0.958,2.669,0.119,0.413,3.079,0.535,5.289,2.081,7.538,7.48,0.517,0.694,0.377,1.375,1.754,0.429,1.43,1.622,0.183,0.766,7.287,8.633,1.411,4.638,1.196,3.34,0.832,1.192,0.636,3.221,3.728,3.85,2.777,4.756,1.901,0.179,0.173,6.316,2.479,2.613,2.959
"1879-03",1.494,1.782,0.896,1.786,1.709,2.816,1.367,0.385,0.397,7.12,5.775,9.995,10.547,1.414,2.329,1.87,2.184,2.968,2.16,1.631,0.017,0.612,4.094,1.574,4.687,2.9,5.625,8.762,0.459,1.478,0.81,1.324,1.666,0.449,1.72,2.41,0.417,1.106,7.133,5.637,0.484,2.111,1.074,2.484,1.01,1.508,0.474,2.701,4.737,3.769,2.773,4.479,2.122,0.178,0.477,6.327,2.987,2.799,2.938
"1879-04",1.694,1.639,1.125,3.682,1.987,3.581,0.592,1.022,1.006,8.18,9.171,5.395,4.971,2.93,1.95,2.99,1.682,3.12,1.333,1.746,0.122,2.247,5.862,2.541,4.705,1.185,2.171,2.913,0.717,1.309,1.186,2.3,1.952,1.216,2.689,3.18,0.088,0.774,6.796,5.395,1.726,2.219,2.364,3.401,1.007,1.13,0.548,2.778,4.516,3.626,1.787,8.126,1.841,0.274,1.468,5.231,3.577,3.075,2.987
"1879-05",1.157,1.178,1.588,3.185,3.2,2.853,1.898,4.088,1.489,6.746,8.849,2.515,1.306,2.168,1.254,2.758,1.602,3.376,1.903,1.387,0.24,4.849,4.959,3.569,4.505,0.384,1.301,2.292,0.86,1.327,2.22,1.771,2.044,1.209,2.263,4.903,0.289,0.704,6.689,1.432,0.501,1.836,2.431,3.191,0.871,1.301,0.613,3.768,2.979,3.907,1.652,8.365,2.089,0.331,2.181,7.889,2.354,3.168,2.993
"1879-06",1.102,2.271,2.223,1.754,3.836,4.149,3.364,9.515,2.318,5.274,8.506,1.05,0.233,1.814,0.615,2.76,2.048,2.785,2.436,0.834,0.25,4.856,2.656,2.068,1.094,0.467,1.019,1.528,1.435,1.513,2.645,1.493,0.849,1.208,3.574,5.157,0.031,2.6,9.272,0.563,0.535,1.768,2.169,2.958,0.636,1.328,0.87,4.593,2.603,3.649,1.567,7.245,2.563,2.811,3.634,5.981,1.455,3.103,3.038
"1879-07",1.465,2.118,2.428,1.691,2.89,3.671,4.205,7.889,2.853,4.4,8.042,0.702,0.426,2.165,1.081,2.433,2.208,2.825,3.872,0.45,0.307,8.001,2.537,2.832,0.802,0.444,0.399,0.947,1.984,1.657,3.244,2.441,0.612,0.617,6.64,5.175,0.156,4.962,7.077,0.445,1.289,0.54,2.806,3.379,0.713,1.445,1.099,5.112,2.601,3.264,2.265,3.624,2.305,3.411,4.726,8.88,1.435,3.051,3.082
"1879-08",1.409,2.765,1.843,1.35,2.619,4.096,2.33,7.497,3.276,5.058,7.494,0.445,0.337,1.593,0.891,2.652,2.696,2.503,2.26,0.411,0.175,7.343,3.618,2.979,1.138,0.358,0.65,1.204,1.851,1.942,2.769,3.422,0.212,0.938,6.026,6.116,0.142,7.186,7.369,0.092,0.358,0.85,2.412,4.199,0.7,1.305,1.312,5.774,2.19,2.821,2.67,2.191,2.026,2.251,9.469,7.045,1.02,3.004,3.035
"1879-09",2.052,2.766,2.515,1.619,3.529,3.841,4.929,8.466,3.835,7.94,4.897,0.248,2.817,1.888,3.041,2.446,3.252,2.175,1.975,0.382,0.068,4.341,4.287,2.121,1.207,0.248,0.747,0.83,1.711,1.065,1.683,3.202,0.183,0.58,2.832,4.356,0.061,3.822,8.119,0.14,0.123,1.116,1.764,3.588,0.637,1.518,1.236,6.112,2.577,2.698,3.243,2.579,1.893,2.349,5.77,6.293,0.977,2.648,2.989
"1879-10",1.917,3.27,1.944,2.045,3.002,3.44,4.624,6.614,3.512,9.152,7.761,1.337,7.629,1.449,3.294,2.005,3.137,2.683,2.248,1.456,0.047,2.586,5.568,2.688,5.114,0.933,1.595,0.898,1.523,1.775,1.178,1.967,0.455,0.453,1.513,1.221,0.059,2.917,5.712,0.097,0.151,0.428,2.1,3.491,0.667,1.174,0.914,5.75,2.598,2.651,3.427,3.673,1.9,3.208,6.527,6.868,1.052,2.49,2.927
"1879-11",1.787,2.251,1.973,4.696,1.128,3.52,2.241,3.294,2.52,8.198,8.455,2.824,8.544,1.474,2.847,2.399,2.936,3.684,2.323,2.456,0.054,1.329,5.723,3.632,7.787,1.052,2.492,3.285,1.065,1.564,0.846,3.189,1.175,0.284,0.746,1.889,0.077,0.908,7.457,0.714,0.539,0.815,1.465,2.719,0.656,0.648,0.829,4.757,3.499,2.827,3.388,4.227,1.889,4.975,5.431,7.058,1.347,2.436,2.977
"1879-12",1.861,1.64,1.595,4.566,1.641,2.653,4.104,1.105,0.862,5.834,6.452,8.177,12.427,2.523,2.722,2.734,3.405,2.875,1.17,2.678,0.057,0.217,4.107,0.66,7.234,2.029,4.712,4.921,1.127,0.468,0.488,2.127,1.802,0.298,0.989,2.304,0.202,0.961,7.503,1.018,0.851,1.776,1.343,2.764,0.536,0.929,0.797,4.092,4.482,2.816,3.336,6.221,1.361,1.804,0.802,10.099,1.112,2.273,2.958
"1880-01",1.93,2.246,1.104,3.254,1.238,3.529,2.577,1.29,1.382,4.478,4.742,7.768,11.49,2.181,4.863,2.876,3.305,2.954,1.703,1.581,0.03,0.034,3.831,0.294,6.351,4.009,6.974,6.715,0.383,1.026,0.279,1.674,1.416,0.39,1.868,2.127,0.421,1.137,8.094,5.733,0.989,1.093,1.328,2.692,0.614,1.013,0.647,3.813,4.078,3.144,3.076,5.111,1.836,1.171,0.46,8.324,2.005,2.416,2.994
"1880-02",1.989,1.367,1.192,5.954,2.373,3.161,1.529,0.751,1.149,6.275,6.022,8.9,12.964,1.972,3.439,2.826,2.125,1.895,1.71,1.938,0.101,0.067,3.191,0.795,6.46,3.388,6.802,8,0.703,0.772,0.463,1.684,1.147,0.472,0.88,2.104,0.676,0.196,7.854,8.62,2.633,2.578,1.376,2.493,0.801,1.228,0.747,3.301,3.311,3.533,2.598,4.38,1.834,0.37,0.153,9.52,2.142,2.718,2.996
"1880-03",1.898,1.768,1.261,2.401,1.967,3.493,1.151,0.614,0.882,7.654,4.999,9.586,9.727,2.109,3.011,2.175,2.448,1.755,1.694,0.992,0.041,0.369,4.572,1.198,4.742,1.201,2.183,7.651,0.682,0.894,0.745,1.454,2.266,0.68,1.853,2.511,0.196,0.646,6.649,6.727,0.545,2.73,1.121,2.695,0.919,1.715,0.742,2.931,4.289,3.825,2.311,4.575,2.008,0.025,0.395,7.01,3.878,2.872,2.931
"1880-04",1.293,1.692,1.017,3.407,2.879,2.955,2.623,1.509,0.573,6.966,4.841,9.156,8.269,4.002,2.585,3.579,2.213,1.822,1.939,0.995,0.068,1.127,4.622,2.355,6.127,0.438,2.579,4.065,0.961,1.179,0.952,1.601,2.271,0.906,2.722,3.435,0.373,0.694,7.119,1.69,0.69,1.03,1.829,2.886,1.027,1.634,0.604,2.822,3.555,4.094,2.07,7.243,2.449,0.077,0.981,6.521,2.981,3.035,2.945
"1880-05",1.451,1.408,1.394,2.453,3.807,4.078,2.016,3.145,1.149,7.288,6.897,2.482,2.986,2.918,2.856,2.69,1.642,3.14,1.935,1.296,0.124,2.96,3.805,2.473,2.577,0.299,0.711,3.37,1.155,1.724,1.387,2.28,1.921,1.644,2.606,4.082,0.141,0.768,8.024,0.574,0.551,0.346,2.289,4.147,0.797,1.767,0.733,3.869,3.128,3.849,1.618,7.348,2.458,0.407,5.388,8.34,2.399,3.103,3.011
"1880-06",1.342,2.138,1.868,2.608,4.422,4.113,2.212,6.096,1.777,4.653,8.904,1.615,0.323,3.283,1.246,2.821,2,2.841,1.811,1.302,0.534,6.52,3.29,2.497,0.671,0.682,1.101,1.391,1.346,2.445,3.24,2.223,0.804,1.322,4.168,4.959,0.029,4.548,8.799,1.18,0.396,1.601,3.31,3.856,1.014,1.487,0.796,4.379,3.065,3.477,1.467,7.378,1.695,3.641,5.057,4.469,1.699,3.043,3.055
"1880-07",1.294,2.462,2.32,1.71,3.646,4.485,3.444,7.815,1.513,4.243,8.5,0.922,0.188,3.337,1.009,2.714,2.679,2.584,2.299,0.374,0.228,7.101,2.857,2.535,0.791,0.633,1.128,1.854,1.672,1.726,3.725,2.836,0.482,1.22,7.028,6.065,0.033,5.621,7.446,0.158,0.259,1.531,2.064,3.161,0.774,1.337,1.119,5.268,3.08,3.195,2.088,3.636,2.229,2.406,7.744,4.557,1.33,2.92,3.048
"1880-08",2.31,2.894,2.428,1.509,3.57,3.906,3.273,7.104,2.495,6.537,6.494,0.504,1.167,4.181,2.271,2.579,2.122,2.984,2.288,0.487,0.071,5.65,3.245,2.306,0.6,0.28,0.877,1.108,1.623,1.487,2.868,3.465,0.274,0.908,4.893,4.903,0.046,5.907,8.27,0.188,0.174,1.351,1.701,2.846,0.676,1.464,1.162,5.761,3.144,2.698,2.684,1.828,2.383,1.84,6.444,6.272,1.028,2.861,3.033
"1880-09",2.538,2.834,2.844,0.994,1.941,4.046,5.055,8.179,3.093,7.457,5.205,1.278,3.178,1.347,2.316,2.622,3.008,1.757,0.885,0.925,0.186,3.881,4.153,1.532,0.711,0.207,0.427,0.819,1.323,1.352,2.334,2.496,0.224,0.652,2.897,4.192,0.014,3.08,8.393,0.103,0.527,0.863,2.261,3.914,0.976,1.222,1.467,5.457,3.447,2.641,3.604,1.715,2.344,0.479,4.719,5.192,1.065,2.628,2.951
"1880-10",2.254,2.872,2.014,1.949,2.872,2.587,3.99,5.028,3.709,9.101,6.143,0.875,5.952,1.923,4.73,2.079,3.454,2.314,1.317,1.846,0.192,3.224,4.918,2.179,3.057,0.75,1.755,1.082,1.488,1.306,1.224,2.847,1.223,0.441,0.793,1.875,0.316,2.62,6.907,0.182,0.405,0.815,1.197,2.938,0.737,1.209,1.254,5.279,4.186,2.256,4.62,2.191,2.005,0.306,6.979,7.219,1.15,2.647,2.975
"1880-11",1.606,2.921,1.751,1.804,2.951,3.404,3.484,3.371,3.68,9.002,7.732,2.57,8.57,1.702,4.252,2.288,3.402,3.4,1.98,1.749,0.044,0.677,4.735,1.955,6.423,1.357,2.69,2.511,0.905,1.441,0.765,2.064,1.745,0.665,0.777,3.346,0.196,0.179,5.654,0.299,0.468,2.021,1.124,3.019,0.529,1.041,0.871,4.771,5.601,2.336,3.657,3.089,1.784,0.78,1.461,11.408,1,2.26,2.98
"1880-12",1.885,2.411,1.415,4.712,2.564,2.972,2.723,1.414,1.385,7.045,5.503,7.723,13.399,1.538,3.423,2.267,2.989,2.633,1.627,2.153,0.071,0.187,3.708,0.185,7.501,2.159,6.022,3.892,0.594,1.632,0.721,1.668,1.949,0.399,0.713,1.88,0.108,0.241,6.143,1.604,1.457,3.396,1.092,2.478,0.587,0.848,0.607,3.958,6.646,2.59,3.414,4.116,1.889,0.748,1.07,11.251,1.446,2.335,3.022
"1881-01",1.821,1.983,1.377,6.074,1.935,3.299,1.89,1.244,1.408,6.773,4.413,7.588,11.857,1.802,4.17,2.358,3.421,1.729,1.688,1.14,0.04,0.01,2.19,0.457,4.13,2.511,7.494,11.506,0.638,0.808,0.389,1.218,2.055,0.45,1.245,2.303,0.206,0.467,6.517,5.202,3.437,1.551,1.199,2.707,0.548,0.987,0.838,2.856,8.507,2.989,3.121,4.317,1.682,0.436,0.162,7.295,1.791,2.508,3.04
"1881-02",1.807,1.505,0.972,4.974,1.696,3.355,1.843,0.648,1.726,7.347,4.939,8.444,11.036,1.09,2.993,2.212,3.525,1.228,1.708,1.312,0.072,0.212,3.466,0.921,4.125,3.128,4.276,8.483,0.894,1.444,0.607,0.817,2.272,0.35,1.695,2.292,0.5,0.569,5.119,6.055,1.412,2.245,1.261,2.304,0.735,1.429,0.651,2.46,7.117,4.154,3.366,2.573,2.236,0.091,0.064,5.805,2.73,2.623,2.984
"1881-03",1.868,1.487,1.069,3.584,2.737,3.282,2.22,0.787,1.208,6.21,5.253,9.369,11.674,2.45,4.181,2.805,2.314,1.502,1.765,1.888,0.069,0.726,5.423,1.653,4.361,1.428,3.268,2.708,0.769,1.55,0.824,1.19,1.79,0.643,1.801,3.003,0.916,0.845,6.042,2.542,0.331,3.448,1.209,2.859,1.105,1.476,0.609,2.28,7.33,3.642,2.179,4.308,2.435,0.11,0.039,5.182,3.683,2.887,2.989
"1881-04",1.66,1.567,1.253,3.51,2.92,3.859,1.923,0.849,1.164,8.306,7.924,5.507,4.562,3.088,2.701,3.196,1.993,2.81,1.836,1.235,0.082,1.158,5.215,2.446,4.921,1.013,2.446,4.347,0.636,0.688,1.123,1.488,2.564,0.945,1.997,3.834,0.641,0.787,5.754,2.709,0.073,1.009,1.382,2.441,0.822,1.624,0.685,1.995,7.141,3.769,1.925,6.093,2.517,0.043,0.082,6.94,2.363,3.073,2.958
"1881-05",1.431,1.726,1.073,4.047,4.421,4.101,1.294,2.815,2.391,7.674,7.272,2.593,1.434,3.463,2.008,2.867,1.636,2.681,2.583,1.113,0.267,4.433,5.053,3.917,5.165,0.724,0.638,0.945,1.196,1.532,1.611,1.802,2.816,1.039,3.091,4.127,0.505,0.831,5.384,0.797,0.746,1.681,1.729,3.313,0.853,1.531,0.77,2.404,7.651,3.394,1.912,7.113,2.527,0.137,0.426,9.726,1.58,3.168,3.047
"1881-06",1.269,1.615,1.829,3.948,5.337,4.103,1.544,8.426,5.228,6.028,8.874,0.856,0.546,3.782,1.422,2.812,1.848,2.219,2.256,1.45,0.607,7.304,3.263,2.231,1.209,0.928,0.967,0.829,1.613,1.527,2.687,2.269,1.684,0.901,3.768,5.234,0.302,2.176,8.318,0.354,0.255,2.112,1.792,3.582,0.713,1.32,0.92,3.357,5.701,2.961,1.738,5.533,2.674,3.677,7.471,7.164,1.495,3.005,3.098
"1881-07",2.016,2.42,2.266,2.387,4.006,4.577,2.791,9.557,5.984,4.508,5.681,0.698,0.33,2.717,1.937,2.897,1.821,2.815,2.088,1.263,0.357,7.352,3.07,2.597,0.753,0.478,0.384,0.541,1.898,1.719,2.421,2.818,0.655,1.457,4.287,7.65,0.037,3.95,7.761,0.274,0.146,1.416,2.214,3.698,0.99,1.419,1.441,4.224,5.296,3.133,3.027,2.675,2.03,3.383,4.178,5.744,1.266,3.005,3.15
"1881-08",1.647,2.544,2.692,1.525,4.186,4.127,4.207,11.335,4.374,6.203,4.209,0.668,2.146,3.943,3.147,2.154,2.838,2.808,1.816,0.529,0.318,7.536,4.027,2.421,0.913,0.567,1.156,1.65,1.595,1.704,3.14,3.083,0.324,0.724,5.777,5.785,0.066,6.11,6.381,0.111,0.102,1.103,2.349,2.949,0.915,1.482,0.956,5.172,3.237,2.96,3.297,1.385,2.258,3.498,8.955,2.547,1.1,2.738,3.01
"1881-09",1.611,2.979,2.48,1.394,2.768,4.47,3.449,9.607,4.424,6.107,4.852,0.938,3.646,1.653,3.182,2.801,2.685,2.999,1.469,1.469,0.254,6.452,5.045,2.804,2.149,0.438,0.393,0.516,1.504,1.274,2.19,3.692,0.335,0.44,3.083,3.908,0.111,3.334,6.561,0.085,0.072,0.301,2.219,3.688,0.547,1.282,0.979,5.913,3.968,2.467,3.966,1.155,2.081,1.415,7.412,3.075,0.74,2.763,2.983
"1881-10",2.18,2.611,2.121,1.797,2.038,3.566,3.504,10.031,4.477,8.605,5.959,1.784,5.76,2.114,2.86,2.628,2.528,3.297,2.254,1.698,0.208,4.91,6.241,4.881,5.086,0.91,1.599,1.278,1.432,1.462,1.571,2.89,0.461,0.397,1.224,2.414,0.347,2.45,5.661,0.092,0.049,0.381,2.02,3.282,0.595,1.061,1.131,5.273,4.118,2.474,4.032,1.45,2.341,4.267,7.448,3.536,1.396,2.473,2.968
"1881-11",1.794,2.582,1.445,3.853,2.181,3.727,1.537,4.274,3.52,8.241,5.662,1.907,8.391,1.696,4.823,2.415,3.309,2.235,1.412,1.87,0.092,1.427,5.583,4.933,6.936,2.517,2.801,2.446,1.037,1.198,0.818,2.209,2.259,0.36,1.236,2.092,1.112,1.478,5.471,0.637,0.191,0.539,1.188,2.925,0.577,0.851,0.724,5.206,5.354,2.52,3.718,3.118,1.822,4.754,3.45,3.748,1.17,2.442,2.953
"1881-12",1.959,2.355,1.289,3.975,1.001,3.501,0.965,2.169,2.348,6.495,6.522,5.107,13.108,1.701,3.53,3.016,2.443,2.284,1.874,2.533,0.306,0.231,5.262,3.402,10.301,2.858,6.301,4.37,0.379,1.991,0.725,1.844,2.687,0.25,0.806,1.349,0.742,0.554,5.375,1.569,0.234,0.499,0.849,2.506,0.507,0.958,0.619,4.306,6.137,2.724,3.592,4.306,1.955,2.043,2.285,5.463,1.194,2.283,2.956
"1882-01",1.76,1.483,1.072,4.263,1.268,2.885,2.269,1.105,1.326,4.982,4.958,11.431,11.923,1.345,3.52,2.372,2.386,2.821,0.725,2.789,0.069,0.019,3.642,1.589,10.556,3.243,5.37,5.566,0.66,0.673,0.345,1.726,1.952,0.308,1.227,2.514,0.4,0.536,5.378,4.328,1.904,1.309,1.331,2.713,0.648,1.317,0.615,3.389,7.097,3.136,3.24,3.886,1.937,0.564,0.396,7.591,1.64,2.475,3.01
"1882-02",1.777,1.307,0.803,5.573,1.258,2.624,1.668,0.531,0.941,5.956,4.5,10.284,13.269,1.839,2.803,2.321,3.253,2.741,1.518,1.428,0.059,0.115,4.168,2.335,9.284,3.485,6.638,6.458,0.634,0.827,0.511,1.34,2.088,0.25,1.52,2.346,0.393,0.722,4.766,7.344,2.571,1.749,1.55,2.681,0.978,1.472,0.726,2.515,7.609,3.54,3.242,2.767,2.15,0.317,0.23,6.658,1.881,2.653,3.021
"1882-03",1.744,2.29,0.867,2.13,2.116,2.482,1.554,0.669,0.963,8.159,4.756,6.775,10.018,2.733,4.421,3.029,3.053,2.924,2.169,1.245,0.071,0.312,5.337,1.429,7.064,4.441,5.821,5.902,0.984,1.279,0.656,1.265,1.843,0.737,1.794,2.706,0.198,0.907,5.075,5.961,0.944,1.544,1.108,2.508,0.922,1.453,0.641,2.266,7.969,3.563,2.523,4.199,1.782,0.181,0.103,6.323,2.469,2.928,3.018
"1882-04",2.207,1.224,0.869,2.75,2.869,4.198,0.932,0.793,0.951,7.53,6.785,5.284,7.021,3.207,2.8,3.629,1.985,1.235,2.089,1.643,0.08,1.107,6.348,2.682,7.242,1.107,2.656,5.03,1.231,1.721,1.124,1.574,2.791,0.918,2.698,3.234,0.343,1.239,5.709,1.665,0.597,1.366,1.821,2.453,1.118,1.636,0.835,2.125,7.468,3.457,1.922,7.62,1.857,0.023,0.08,6.223,3.261,3.02,3.01
"1882-05",1.778,1.603,1.346,3.137,4.452,3.386,1.656,4.32,1.102,7.984,8.548,2.414,1.421,1.659,1.48,2.773,1.076,3.085,2.547,1.702,0.28,5.062,4.928,2.08,5.223,0.378,1.612,1.801,0.795,2.21,1.959,2.02,1.867,1.29,3.071,4.142,0.266,1.139,6.176,0.783,0.766,2.363,1.7,3.731,0.829,1.304,0.764,3.106,5.593,3.232,1.427,8.434,2.307,0.188,0.671,7.226,2.561,3.099,2.986
"1882-06",1.487,2.283,1.719,2.262,3.683,4.434,1.791,6.55,1.756,5.397,7.866,0.544,0.341,1.888,0.904,2.61,1.764,3.409,1.737,1.613,0.335,6.26,4.147,2.931,2.242,0.844,1.455,2.291,1.793,2.024,1.84,2.156,1.359,1.734,3.995,5.433,0.214,2.541,7.381,0.406,0.544,2.039,2.32,3.637,0.733,1.29,0.845,3.988,4.732,3.256,1.541,7.44,2.589,3.295,3.78,7.67,1.186,3.287,3.103
"1882-07",1.643,3.122,2.42,1.7,2.98,4.329,2.535,9.933,2.93,4.659,7.594,0.427,0.212,3.77,1.157,2.577,2.135,2.52,1.994,0.717,0.171,6.676,2.656,2.651,1.001,0.426,0.939,1.662,2.13,1.987,3.072,2.784,0.401,0.971,6.916,6.651,0.049,7.245,8,0.183,0.712,1.368,3.74,3.924,0.954,1.412,0.845,4.837,3.657,2.9,2.109,4.923,2.285,3.119,9.278,4.585,1.421,2.877,3.124
"1882-08",2.104,2.736,2.499,1.88,2.826,3.861,2.246,7.923,2.79,5.845,5.748,0.463,0.718,2.279,2.744,2.161,2.796,2.756,2.351,0.365,0.138,7.622,3.495,2.618,0.859,0.276,0.67,1.704,1.762,1.412,2.826,2.756,0.434,0.587,5.118,5.955,0.051,7.242,8.023,0.131,0.312,1.171,3.048,3.464,0.735,0.973,1.09,5.504,3.064,2.982,2.741,2.412,2.265,1.625,9.465,4.927,1.123,2.759,3.052
"1882-09",1.961,3.095,2.312,2.126,1.857,3.683,3.698,8.228,3.934,7.014,6.041,0.745,2.146,2.105,2.397,2.156,3.785,2.529,1.992,0.413,0.076,5.02,3.762,2.598,1.75,0.526,1.025,0.363,1.756,0.958,1.722,2.82,0.253,0.577,3.663,3.407,0.052,3.837,7.095,0.216,0.123,1.239,1.658,3.557,0.81,1.429,1.504,6.438,3.24,2.635,3.431,2.182,2.024,0.697,5.713,5.911,0.986,2.709,3.015
"1882-10",2.595,3.229,1.959,2.565,2.647,3.342,4.197,6.712,3.758,8.603,5.323,0.873,7.888,2.756,4.009,2.281,2.564,2.837,1.978,2.561,0.261,3.668,5.267,3.307,5.394,1.22,0.905,1.018,1.164,1.379,1.44,2.836,0.818,0.503,1.194,1.656,0.18,2.293,4.918,0.113,0.323,1.33,1.384,3.204,0.6,1.208,1.12,5.614,3.654,2.315,4.173,1.939,1.913,2.778,6.143,8.144,1.22,2.447,2.957
"1882-11",1.286,2.127,1.326,5.227,2.503,4.275,2.012,4.356,3.288,7.264,6.152,3.741,11.095,1.329,3.644,2.713,3.398,2.996,1.808,2.043,0.021,1.479,5.772,2.889,10.015,1.767,3.045,2.626,0.954,1.427,0.954,2.702,0.975,0.756,0.51,1.965,0.022,1.334,7.254,0.259,0.821,1.992,1.275,2.641,0.683,0.95,0.863,4.968,3.962,2.51,3.779,2.999,1.942,3.429,13.409,6.052,1.056,2.371,2.985
"1882-12",1.691,2.767,1.344,2.402,1.242,3.489,2.643,1.639,1.248,6.926,6.417,8.293,11.654,1.791,3.31,2.288,3.037,3.154,1.624,1.947,0.03,0.052,3.979,0.879,8.613,3.624,5.82,4.237,0.688,0.808,0.454,1.735,1.812,0.26,0.783,3.006,0.585,0.711,7.877,1.734,1.248,3.313,1.13,2.183,0.467,0.891,0.689,4.3,5.485,2.724,3.179,4.762,1.816,1.72,2.746,9.124,1.158,2.38,3.053
"1883-01",2.123,2.05,1.085,4.92,0.856,2.876,1.533,0.987,1.627,5.54,4.943,11.569,10.963,1.87,2.794,2.46,3.152,2.906,1.801,1.996,0.05,0.005,3.347,0.534,8.575,4.577,5.918,5.867,0.617,1.015,0.484,1.383,1.41,0.241,1.409,1.831,0.388,1.429,7.689,8.353,0.799,4.325,0.956,2.417,0.715,0.995,0.607,3.338,5.431,3.122,2.95,3.878,1.823,0.991,0.357,8.463,1.441,2.416,2.998
"1883-02",2.207,1.683,1.153,4.785,1.939,4.16,1.198,0.736,0.862,4.463,5.618,8.517,14.291,2.612,4.887,2.358,2.934,2.303,1.344,2.244,0.061,0.062,3.451,0.668,6.094,3.337,4.941,10.874,0.923,1.007,0.549,1.175,1.957,0.482,1.937,1.693,0.424,0.728,7.872,6.916,3.292,4.684,1.761,2.949,0.862,1.554,0.686,3.037,4.619,3.545,2.41,4.381,1.943,0.559,0.131,7.298,2.569,2.549,3.037
"1883-03",2.066,1.731,1.32,1.833,2.06,4.006,2.477,0.568,0.606,7.678,6.89,9.605,9.02,1.859,2.094,2.959,2.016,2.171,1.789,2.325,0.057,0.899,5.118,1.084,4.571,1.439,2.553,9.06,0.713,1.154,0.709,1.649,2.236,0.499,1.849,2.587,0.276,0.476,7.437,8.869,0.531,1.317,1.339,2.297,0.948,1.545,0.719,2.453,4.368,4.112,2.311,5.11,1.77,0.086,0.227,5.789,2.34,2.882,2.943
"1883-04",1.299,1.99,1.332,3.026,3.903,3.387,1.523,0.601,0.326,6.983,6.301,6.885,5.922,2.179,2.752,2.768,2.748,2.076,1.727,1.175,0.087,1.543,4.813,2.466,5.106,0.477,2.227,9.745,1.083,1.87,0.982,1.217,2.01,0.818,2.077,3.332,0.303,0.451,7.214,2.231,0.367,2.641,2.399,3.202,0.983,1.904,0.706,2.314,5.235,3.702,1.946,6.616,2.264,0.119,0.205,9.616,2.626,3.055,2.996
"1883-05",1.893,1.738,1.67,2.666,3.393,3.146,2.383,3.451,1.719,7.624,8.881,2.247,0.908,2.941,1.81,2.852,1.199,2.086,1.609,1.579,0.241,3.518,4.834,3.932,4.361,0.514,1.302,2.515,1.285,1.812,1.912,1.935,2.184,1.123,2.639,4.741,0.423,1.281,7.993,0.867,0.846,2.119,2.105,4.07,0.748,1.297,0.72,2.97,4.176,3.671,1.566,8.567,2.021,0.613,4.688,7.105,2.045,3.144,2.995
"1883-06",1.34,2.007,2.064,2.057,3.987,4.441,2.401,7.574,2.116,5.518,8.73,1.245,0.964,4.018,1.095,3.005,1.895,3.742,1.982,1.05,0.222,5.713,3.267,3.058,2.272,0.968,1.454,1.236,1.418,1.656,2.355,2.096,1.044,1.282,3.239,5.464,0.029,2.122,7.248,0.621,0.812,1.826,2.206,3.352,0.759,1.03,0.963,4.027,3.572,3.141,1.468,8.218,2.457,3.038,3.579,9.854,1.355,3.087,3.063
"1883-07",1.28,2.368,2.231,1.704,3.402,4.344,2.811,8.243,2.774,4.762,7.85,1.003,0.383,3.026,1.393,2.991,1.604,3.908,2.847,0.692,0.217,7.274,2.754,2.56,0.938,0.215,0.639,0.681,1.532,1.972,3.223,2.21,0.407,1.108,6.121,5.463,0.028,7.009,7.487,0.646,1.263,2.156,2.006,4.012,0.739,1.177,1.013,4.855,3.226,3.179,1.954,3.874,1.956,4.233,7.343,8.073,1.036,3.154,3.094
"1883-08",2.122,3.204,2.425,0.974,2.93,3.711,3.056,7.458,3.756,5.607,5.593,0.418,0.359,2.318,1.737,2.164,2.343,2.13,2.08,0.503,0.133,7.355,3.105,2.907,0.987,0.37,0.448,0.564,1.97,1.563,3.135,2.377,0.279,0.833,4.966,5.937,0.134,7.917,8.249,0.178,0.45,1.806,2.224,3.781,0.532,1.616,1.322,5.456,3.144,2.865,2.511,2.318,2.209,2.942,11.222,6.762,0.77,2.909,3.069
"1883-09",2.451,2.761,2.381,1.154,2.347,4.291,3.459,8.801,4.504,6.315,5.294,0.606,3.102,1.604,2.246,2.424,2.722,2.05,1.087,1.197,0.105,5.848,4.861,1.805,1.18,0.318,0.543,0.787,1.717,1.255,2.128,3.963,0.24,0.795,2.576,3.789,0.022,4.034,7.896,0.091,0.106,0.405,2.442,3.222,0.642,1.649,1.561,6.136,2.197,2.383,3.546,1.883,1.788,1.506,7.613,4.865,0.887,2.693,2.916
"1883-10",2.495,2.665,1.652,2.281,2.358,4.534,3.367,7.657,6.566,8.2,4.597,1.357,6.365,1.928,3.733,2.594,3.43,2.388,1.506,2.343,0.107,3.407,4.165,2.84,2.407,0.874,0.952,1.178,1.692,1.615,1.513,2.17,0.439,0.379,1.597,2.523,0.099,2.439,6.495,0.412,0.327,0.698,1.625,3.462,0.548,1.289,0.984,5.452,2.62,2.466,4.228,2.594,1.767,4.428,4.656,7.859,1.067,2.473,2.926
"1883-11",2.426,2.364,1.724,3.683,1.088,3.606,1.825,4.855,5.865,7.435,5.432,2.058,8.408,2.074,3.453,2.766,3.211,1.202,1.819,1.828,0.077,0.72,4.794,1.974,8.117,2.191,3.667,3.052,1.321,1.883,1.082,2.26,1.885,0.365,0.742,1.897,0.096,0.694,6.593,1.94,0.897,2.695,1.096,3.244,0.582,0.978,0.846,5.324,2.998,2.803,3.598,3.909,1.807,0.986,4.922,8.446,1.012,2.182,2.926
"1883-12",2.284,1.052,1.595,7.122,1.477,4.605,0.581,2.246,2.989,6.46,6.077,5.679,11.201,1.991,3.87,2.645,2.707,2.69,1.742,2.969,0.111,0.144,4.626,0.326,6.477,2.594,4.625,5.492,0.938,0.915,0.611,2.494,0.79,0.142,1.033,1.848,0.039,1.523,7.83,2.425,0.731,0.96,1.264,3.338,0.569,0.899,0.746,3.879,4.598,2.816,2.98,4.658,1.891,2.708,3.913,9.441,1.239,2.229,2.955
"1884-01",2.259,2.202,1.031,5.779,2.136,3.105,2.334,1.387,0.909,4.868,5.218,7.355,12.826,2.069,4.47,3.063,3.485,1.723,1.689,1.771,0.039,0.037,3.331,0.315,6.621,5.236,5.723,8.032,0.724,1.025,0.505,1.326,2.09,0.233,0.994,2.005,0.13,0.226,6.736,7.926,1.736,1.756,0.997,2.453,0.571,0.974,0.689,3.463,4.936,3.183,3.119,4.274,1.775,0.192,0.202,9.596,1.433,2.392,2.985
"1884-02",1.625,1.482,1.16,5.363,1.559,3.635,0.695,0.787,0.94,5.287,5.464,8.643,12.065,2.305,4.132,2.9,2.951,1.488,1.53,1.48,0.071,0.059,3.032,0.235,3.989,4.342,6.39,8.279,0.779,1.304,0.581,1.497,1.622,0.22,0.88,1.827,0.424,0.483,7.397,9.446,2.304,1.689,1.478,2.461,0.926,1.106,0.668,3.155,4.311,3.928,2.573,4.751,1.827,0.113,0.073,6.493,2.828,2.549,2.995
"1884-03",2.151,1.755,0.934,3.09,1.557,2.638,1.649,0.972,0.919,7.694,4.896,8.912,10.085,1.907,2.951,2.543,3.312,2.396,1.702,1.48,0.038,0.358,3.918,0.314,3.142,2.879,5.458,4.335,0.695,1.212,0.758,1.959,1.666,0.522,2.314,1.702,0.042,0.985,6.586,8.233,1.411,1.81,1.389,2.303,0.992,1.82,0.724,2.662,5.032,3.756,2.068,4.848,2.075,0.044,0.24,5.633,3.606,2.75,2.916
"1884-04",1.874,1.527,1.138,2.629,2.111,4.242,1.957,1.112,1.045,7.704,6.711,6.78,7.858,2.026,3.302,2.982,2.284,2.297,1.052,1.577,0.091,1.832,4.608,1.437,2.86,1.081,2.969,2.846,1.057,0.97,0.968,1.49,2.511,1.192,2.297,3.535,1.575,0.821,6.285,2.729,1.267,1.435,1.486,3.361,0.919,1.746,0.521,2.485,5.534,3.454,1.903,6.453,2.304,0.025,0.073,4.12,3.324,3.017,2.891
"1884-05",1.527,1.375,0.885,2.376,2.964,2.968,2.051,5.503,2.226,7.073,7.168,4.073,2.998,2.702,1.437,3.037,1.645,2.437,1.71,1.52,0.164,3.456,4.252,3.319,4.17,0.351,1.145,2.63,1.044,1.919,1.957,2.184,1.977,0.611,3.821,4.097,0.76,1.147,5.162,0.661,0.87,0.907,2.256,4.539,0.919,1.624,0.445,3.118,4.955,3.645,2.023,7.772,2.213,0.041,0.676,6.792,2.715,2.997,2.947
"1884-06",1.194,2.092,1.63,2.853,3.12,3.504,1.532,7.826,4.188,7.266,8.143,1.256,1.476,3.97,2.205,2.818,1.508,3.146,2.334,1.348,0.3,6.356,3.451,3.271,1.71,0.759,0.756,0.937,1.224,1.065,2.615,1.794,1.518,0.752,4.436,4.893,0.33,2.427,5.097,0.725,1.172,1.293,1.931,3.694,0.85,1.146,0.789,4.053,4.253,2.861,1.961,5.282,2.72,3.871,2.735,9.362,2.259,3.002,3.011
"1884-07",1.475,2.37,2.088,1.617,2.413,4.65,2.293,10.891,3.199,4.632,7.106,1.127,0.5,2.229,1.884,2.118,2.398,2.154,2.393,0.974,0.294,6.55,2.374,2.707,0.355,0.867,0.832,0.957,1.944,1.947,3.455,2.73,0.487,0.77,4.945,6.187,0.043,6.723,7.886,0.239,1.336,2.379,3.717,4.745,0.935,1.38,0.929,4.739,3.959,2.937,2.156,2.867,2.228,4.265,8.463,4.191,1.557,2.897,3.08
"1884-08",1.918,3.015,2.767,1.698,2.522,3.639,4.229,8.361,3.383,5.924,5.28,0.608,1.513,2.679,2.384,2.176,2.749,2.613,2.355,0.444,0.153,6.595,2.884,2.466,0.615,0.504,0.822,1.043,1.542,1.497,2.995,2.517,0.328,0.506,4.599,5.221,0.025,5.352,7.228,0.129,0.116,0.631,2.525,3.971,0.691,1.391,1.082,5.326,3.84,2.739,2.83,1.488,2.449,1.014,7.426,6.641,0.971,2.658,2.994
"1884-09",2.514,2.814,2.594,2.459,1.753,3.471,3.467,8.158,3.788,8.571,4.478,2.436,6.858,2.213,3.004,2.284,2.299,2.313,2.054,1.163,0.063,4.093,4.231,1.685,0.883,0.314,0.434,0.997,1.874,1.374,1.581,2.552,0.376,0.932,2.227,4.452,0.084,3.297,5.841,0.034,0.033,0.228,2.413,3.148,0.653,1.368,1.216,6.334,3.258,2.562,3.357,0.977,2.068,0.677,3.565,5.839,0.798,2.735,2.938
"1884-10",2.262,2.792,2.002,2.095,3.344,2.695,4.235,8.107,4.129,7.662,4.945,3.961,7.769,2.121,3.77,2.544,3.347,3.335,1.267,1.587,0.18,4.247,5.923,3.905,4.476,0.911,1.545,0.752,1.492,1.314,1.332,1.994,0.88,0.393,1.447,1.727,0.385,1.676,4.788,0.176,0.064,0.259,1.53,2.76,0.678,1.605,0.815,5.218,4.433,2.121,3.904,1.368,2.52,2.568,3.748,9.135,0.932,2.46,2.939
"1884-11",2.356,2.556,1.321,1.959,2.363,2.98,2.427,6.362,2.713,9.234,6.483,2.624,9.067,1.836,4.118,2.55,2.251,2.428,2.002,2.988,0.032,1.727,5.097,0.948,5.162,2.35,2.193,1.689,1.001,1.297,0.841,2.431,1.216,0.24,0.531,1.559,0.071,2.196,6.584,0.559,0.761,2.463,1.086,2.375,0.567,1.156,0.785,5.367,4.154,2.57,3.706,2.917,1.691,4.143,11.318,8.771,1.046,2.216,2.98
"1884-12",1.751,1.488,1.069,5.785,2.256,4.082,2.245,2.443,1.674,4.279,3.996,8.804,11.468,2.211,4.223,2.896,3.011,2.929,1.211,2.541,0.046,0.084,3.482,0.969,6.891,3.045,5.045,3.504,0.69,0.772,0.483,1.719,2.041,0.387,0.862,2.12,0.336,0.471,4.841,0.789,1.084,1.6,1.255,2.529,0.567,0.582,0.779,4.037,5.86,2.987,3.103,3.637,2.025,2.197,0.997,11.867,1.274,2.36,2.954
"1885-01",1.645,1.797,1.262,2.621,1.315,3.099,4.049,1.293,1.103,5.189,4.104,9.344,13.646,1.841,4.014,2.439,2.523,2.266,1.477,2.513,0.06,0.016,2.846,0.642,4.863,3.195,7.455,7.427,0.627,1.445,0.411,1.567,1.885,0.266,0.452,1.448,0.291,0.193,6.804,7.915,2.925,2.723,1.709,2.542,0.6,1.126,0.538,3.353,6.397,3.002,3.081,3.698,1.821,0.785,0.514,9.277,1.605,2.366,3.009
"1885-02",1.387,1.322,1.305,5.548,1.694,2.899,1.666,0.491,0.878,3.693,3.107,11.014,14.387,2.294,4.064,2.784,1.479,2.08,1.117,3.236,0.046,0.17,3.428,1.277,6.146,3.708,7.121,7.218,0.36,0.966,0.569,1.676,2.326,0.385,1.161,1.725,0.1,1.118,6.092,5.855,2.794,2.145,0.914,2.461,0.749,1.276,0.429,3.009,4.893,3.405,3.244,3.13,2.302,0.7,0.189,6.809,2.806,2.492,2.925
"1885-03",1.29,1.298,1.113,4.262,1.849,3.126,1.826,0.688,0.86,7.881,6.838,7.473,9.018,2.237,2.859,2.561,1.731,2.463,2.006,1.809,0.036,0.837,5.085,2.707,6.871,1.84,4.14,8.522,0.612,1.246,0.638,1.608,1.94,0.615,1.836,1.853,0.135,0.907,6.58,3.738,0.337,1.477,1.307,2.203,0.942,1.517,0.359,2.612,5.409,3.748,2.879,3.752,2.015,0.384,0.143,5.725,3.216,2.913,2.934
"1885-04",1.96,1.396,1.118,3.369,2.748,2.814,2.375,0.845,0.558,7.666,7.806,5.276,5.196,3.248,2.665,3.014,1.525,2.638,1.899,1.447,0.1,2.446,5.222,3.043,4.506,1.031,1.451,5.135,0.679,1.64,1.202,1.601,1.305,0.84,1.821,3.238,0.199,0.61,5.795,1.577,0.225,1.092,1.218,2.862,0.859,1.737,0.625,2.327,6.158,3.651,1.934,6.657,2.078,0.129,0.047,7.132,3.541,3.196,2.937
"1885-05",1.734,1.695,1.72,2.966,3.031,3.559,2.004,5.65,2.391,8.41,9.793,1.902,0.815,4.309,2.018,2.833,1.514,2.677,1.813,1.548,0.227,4.045,5.052,3.12,4.839,0.706,0.779,1.384,0.901,1.58,1.86,1.693,1.947,1.375,2.52,4.039,0.104,0.7,6.233,0.454,0.343,1.52,1.284,3.086,0.852,1.602,0.796,3.168,4.916,3.567,1.499,6.815,2.451,0.311,0.394,8.487,2.163,3.122,2.981
"1885-06",1.074,1.628,1.703,2.474,4.006,4.128,4.179,7.94,2.86,4.789,7.465,0.718,0.432,2.693,1.328,2.179,1.944,2.742,1.653,1.295,0.523,8.977,3.883,3.916,3.482,0.691,0.954,1.34,1.524,1.697,2.559,1.884,1.331,1.441,3.22,5.566,0.296,1.305,6.447,0.475,0.593,3.349,2.794,3.574,0.869,1.465,0.862,4.043,3.366,3.389,1.893,4.778,2.488,3.433,6.006,9.571,1.794,2.881,3.043
"1885-07",1.67,2.422,2.006,1.862,3.88,4.535,3.182,9.065,3.472,5.699,6.031,0.458,0.652,3.165,1.972,1.98,2.231,2.589,2.856,0.677,0.441,7.936,2.472,2.473,0.788,0.269,0.752,1.488,1.656,1.86,2.623,2.773,0.425,1.06,6.107,5.903,0.098,5.517,6.829,0.165,0.25,0.32,3.373,4.201,0.879,1.484,0.979,4.972,3.733,3.11,2.606,1.809,2.421,2.837,6.727,6.678,1.205,2.852,3.06
"1885-08",2.033,2.966,2.212,1.768,3.264,3.669,3.718,9.016,4.001,5.82,4.71,0.426,1.189,3.867,2.146,2.728,2.796,2.033,1.247,0.61,0.179,6.968,3.332,2.415,0.747,0.64,0.83,0.985,1.502,1.646,2.953,3.638,0.35,1.307,5.156,5.215,0.034,5.933,6.808,0.12,0.195,0.797,1.834,3.62,0.692,1.211,1.257,5.311,3.885,2.539,3.228,1.562,2.286,2.313,7.991,6.023,1.049,2.77,3.004
"1885-09",1.712,2.75,2.693,1.476,2.267,4.619,3.738,8.409,5.433,7.169,5.582,0.595,1.793,2.028,2.784,2.774,3.462,2.988,1.823,0.517,0.159,5.974,4.291,1.966,1.452,0.363,0.439,0.391,1.422,1.298,1.643,3.185,0.183,0.554,3.239,3.945,0.039,3.995,6.749,0.111,0.119,0.585,1.109,2.503,0.749,1.445,1.058,5.929,3.709,2.705,3.737,1.79,1.832,0.998,6.353,5.205,0.901,2.62,2.965
"1885-10",2.408,2.834,2.028,1.267,2.241,3.8,4.783,8.601,4.382,8.552,4.638,1.822,6.847,3.526,3.914,2.971,3.534,2.417,1.469,2.11,0.347,4.566,6.152,3.699,4.791,0.451,1.151,1.059,1.433,1.005,1.226,2.668,1.812,0.205,1.617,1.907,1.155,1.609,5.458,0.098,0.162,1.022,1.117,2.965,0.743,1.292,1.154,4.911,4.161,2.364,3.656,1.926,2.214,2.469,5.425,6.975,0.994,2.407,2.917
"1885-11",2.389,2.325,1.179,4.013,2.104,3.588,2.223,3.832,2.719,7.509,6.083,1.776,7.063,2.652,4.078,2.812,2.198,1.779,1.761,3.309,0.164,1.612,5.724,1.883,8.997,1.171,2.732,2.174,0.899,1.145,0.802,2.326,2.37,0.648,1.047,1.767,0.213,1.33,5.505,0.24,0.399,0.898,1.012,2.52,0.819,0.854,0.83,5.165,4.934,2.624,4.159,3.095,1.986,2.282,8.599,6.269,1.136,2.369,2.959
"1885-12",1.242,2.448,0.971,3.75,1.86,4.939,2.052,2.605,1.511,7.651,7.557,2.661,9.193,2.169,5.675,2.8,3.537,2.814,2.089,1.477,0.058,0.065,4.748,2.178,9.88,2.7,3.644,4.865,0.629,1.381,0.516,1.857,1.625,0.374,0.763,2.827,0.422,0.577,5.963,0.643,0.388,0.911,1.382,3.207,0.692,0.646,0.409,3.482,7.262,2.495,3.077,5,1.943,2.766,2.148,8.205,1.359,2.27,2.967
"1886-01",1.553,2.506,0.984,1.397,0.853,2.316,3.856,1.209,0.912,7.275,4.575,7.245,12.11,1.891,4.458,2.883,2.172,3.554,1.914,3.113,0.072,0.002,2.965,0.944,7.5,4.137,8.259,6.851,0.458,1.338,0.667,1.207,1.962,0.232,0.726,1.756,0.31,0.608,7.209,5.207,0.706,0.773,0.858,3.198,0.555,1.101,0.461,3.048,6.884,2.923,3.616,3.374,1.742,0.827,0.631,9.272,1.913,2.414,3.026
"1886-02",2.607,1.879,0.827,3.515,2,2.668,2.385,0.454,0.741,7.034,4.847,7.932,12.333,2.722,3.218,3.103,2.491,1.884,1.183,2.093,0.054,0.044,2.366,0.524,4.777,3.982,7.63,10.341,0.578,0.669,0.355,1.294,1.422,0.306,1.751,2.132,0.195,1.393,6.927,9.984,2.424,1.634,1.689,2.75,0.984,1.383,0.812,2.722,5.674,3.348,2.972,3.804,1.873,0.623,0.228,6.503,2.871,2.509,2.993
"1886-03",2.168,2.262,1.282,2.703,1.873,2.945,1.868,0.55,0.649,6.731,6.519,8.195,10.459,2.552,3.311,3.075,2.302,2.197,1.742,2.014,0.072,0.555,4.842,1.094,4.07,1.889,3.122,6.982,0.594,0.924,0.774,1.416,1.953,0.718,1.677,2.462,0.146,0.801,7.198,5.513,1.255,3.208,1.643,3.707,0.99,1.526,0.557,2.157,6.263,3.341,2.371,5.036,2.015,0.173,0.256,5.997,3.599,2.948,2.979
"1886-04",1.113,1.522,1.01,3.913,2.525,3.009,0.61,0.382,0.418,7.177,7.619,6.101,5.643,2.22,2.499,2.357,2.525,2.287,1.582,1.15,0.039,0.914,5.52,1.693,4.977,1.27,1.853,1.307,0.774,1.272,0.839,1.19,1.618,0.979,2.91,3.647,0.074,0.722,7.123,2.974,0.248,1.996,1.541,3.056,0.999,2.098,1.046,1.589,7.154,3.622,1.829,6.039,2.225,0.041,0.264,7.999,2.315,2.97,2.888
"1886-05",1.34,1.864,1.263,2.585,2.693,3.015,1.56,3.311,2.069,6.902,8.077,2.586,1.432,3.864,1.285,3.092,1.81,2.446,1.753,1.721,0.193,3.822,4.979,3.204,4.533,0.998,1.02,1.358,1.103,1.846,1.861,1.94,1.94,0.975,3.66,3.789,0.241,0.745,7.635,0.794,0.222,1.42,2.134,3.153,0.765,1.122,0.667,2.049,6.194,3.311,1.794,8.768,2.331,0.03,0.482,9,1.863,3.291,2.968
"1886-06",1.337,1.816,1.745,3.306,4.243,3.175,1.734,7.821,4.504,5.978,7.762,1.099,0.407,3.274,1.718,2.528,1.408,3.029,2.321,1.504,0.483,5.859,4.03,3.17,1.614,0.632,0.855,1.46,1.647,1.795,1.792,2.461,1.356,1.493,4.59,6.428,0.219,1.812,6.816,0.492,0.361,4.003,2.121,3.213,0.93,1.519,0.991,3.33,3.977,3.226,1.985,6.876,2.292,2.982,7.537,10.213,1.677,3.003,3.058
"1886-07",1.105,2.398,2.526,1.581,3.146,3.751,5.264,12.565,6.301,5.665,8.321,0.634,0.459,3.293,1.276,3.353,2.234,2.27,2.484,0.423,0.15,6.363,2.19,2.593,0.65,0.598,0.642,0.876,1.647,1.876,3.05,1.994,0.528,1.15,5.899,6.812,0.032,5.534,8.015,0.364,0.836,1.82,2.237,3.349,0.888,0.916,1.267,3.892,3.434,3.129,2.268,4.521,2.328,1.716,7.842,6.355,1.269,2.929,3.053
"1886-08",1.739,2.876,2.446,1.299,2.511,3.333,5.179,11.779,3.997,6.9,6.394,0.306,0.85,3.641,2.234,2.248,2.206,2.501,2.604,0.446,0.117,7.35,3.402,2.09,0.77,0.342,0.553,0.981,1.695,1.464,2.954,2.588,0.207,0.66,5.177,6.043,0.023,5.912,8.301,0.279,0.226,0.741,2.203,2.844,0.674,1.222,1.415,4.877,2.679,2.903,3.133,2.338,2.387,1.874,7.646,7.873,0.879,2.962,3.069
"1886-09",1.944,2.849,2.379,0.697,2.233,4.537,3.464,9.257,4.211,8.763,6.829,0.462,2.386,2.257,2.776,2.538,3.346,2.196,1.413,0.841,0.055,4.972,4.537,2.964,1.397,0.466,0.283,0.486,1.597,1.273,1.767,2.926,0.451,0.546,3.344,4,0.049,5.298,6.852,0.132,0.258,0.921,1.744,2.915,0.611,1.593,1.183,5.324,2.018,2.706,3.71,2.113,1.941,2.456,8.947,7.257,0.768,2.827,2.937
"1886-10",2.778,2.724,2.139,1.911,1.691,2.585,3.118,6.595,4.962,8.76,6.351,3.176,8.023,2.542,2.562,2.523,2.525,1.174,1.639,1.621,0.119,2.394,4.774,2.017,2.396,1.096,1.264,0.744,1.5,1.555,1.347,2.713,0.472,0.672,1.198,2.6,0.034,2.157,8.986,0.678,0.714,2.263,1.894,2.962,0.61,0.863,1.087,5.196,1.855,2.669,4.205,2.199,1.579,2.113,7.501,9.135,0.972,2.418,2.924
"1886-11",2.446,1.808,1.146,5.541,1.812,4.4,1.045,6.409,3.288,6.946,8.729,3.156,10.365,2.287,4.283,2.81,3.012,2.124,2.176,1.382,0.111,0.428,5.14,1.625,5.667,1.643,3.181,2.849,0.896,1.847,0.772,2.469,1.553,0.349,0.812,2.006,0.406,0.795,8.692,0.958,0.774,3.148,1.578,2.439,0.72,0.83,0.737,5.003,2.04,2.863,3.413,3.831,1.716,2.715,3.662,9.699,1.088,2.347,2.969
"1886-12",2.083,2.3,1.042,3.234,1.485,3.396,1.125,2.128,1.011,5.583,7.471,8.78,12.356,1.683,3.108,2.453,3.844,1.558,1.769,1.247,0.042,0.027,3.582,0.168,5.24,3.583,5.646,4.312,0.995,1.092,0.497,1.564,1.519,0.495,0.389,3.16,0.184,0.121,8.322,2.936,1.752,2.775,1.525,3.496,0.735,0.839,0.793,4.628,2.265,2.828,3.211,5.83,1.632,1.082,0.876,12.971,1.472,2.217,2.988
"1887-01",1.942,2.103,0.816,4.554,1.715,4.848,0.672,1.38,1.735,5.128,5.757,7.695,11.615,2.57,3.858,2.868,3.734,2.363,2.104,1.263,0.026,0.002,2.08,0.175,4.403,3.178,7.127,12.395,0.738,1.532,0.676,1.297,1.343,0.384,0.564,1.704,0.081,0.093,8.952,7.439,1.273,3.35,1.141,2.911,0.602,0.796,0.743,4.071,2.626,3.57,2.626,4.426,1.685,0.172,0.243,9.491,1.928,2.39,2.987
"1887-02",1.913,1.9,0.839,2.357,0.722,3.064,1.379,1.161,1.722,5.868,4.999,7.585,12.659,2.438,5.285,2.966,3.506,2.602,1.378,1.972,0.029,0.024,4.305,0.56,4.721,3.986,5.119,5.888,0.685,0.8,0.526,1.367,1.485,0.308,1.53,1.456,0.222,0.73,7.867,9.982,2.923,2.531,1.682,2.191,0.825,0.978,0.519,3.451,2.945,3.875,2.695,3.179,2.184,0.151,0.558,7.407,2.095,2.714,2.956
"1887-03",1.779,2.053,1.169,2.96,1.108,3.475,0.609,1.237,0.974,7.234,6.508,9.194,9.946,1.947,2.628,2.773,2.733,2.124,2.346,1.127,0.081,0.336,3.787,0.507,2.862,3.219,4.537,6.239,0.701,1.613,0.796,2.311,1.442,0.578,1.773,2.635,0.046,0.544,7.848,6.035,0.937,4.995,1.642,2.994,0.931,1.465,0.7,3.202,3.364,3.579,2.192,5.444,2.427,0.122,0.56,5.252,2.904,2.808,2.916
"1887-04",2.001,1.286,1.524,2.213,1.631,3.634,0.736,0.621,0.619,8.332,6.782,8.851,8.739,2.795,2.922,2.589,1.673,2.423,0.932,1.516,0.11,1.249,4.606,2.956,5.241,0.495,2.066,4.425,1.141,1.221,1.499,1.741,1.559,1.013,2.61,3.601,0.646,0.605,7.487,2.346,0.667,1.825,1.595,3.154,0.822,1.664,0.736,2.914,3.301,4.122,1.995,5.463,2.509,0.012,0.39,6.781,2.443,3.111,2.927
"1887-05",1.181,1.492,1.291,2.805,2.8,3.52,1.53,2.997,0.845,7.202,8.327,4.406,2.493,2.847,1.925,3.216,1.287,3.238,2.514,1.639,0.38,3.81,5.395,4.178,4.458,0.45,1.304,2.158,1.198,1.612,1.567,1.992,1.195,1.099,3.4,4.811,0.147,1.067,6.895,0.411,0.482,1.027,1.363,3.443,0.789,1.519,0.528,3.627,3.106,3.783,1.653,7.303,2.154,0.225,2.097,5.346,2.326,3.157,2.911
"1887-06",1.38,1.841,1.417,2.583,3.968,3.517,3.66,5.781,2.034,4.813,6.569,1.441,0.359,3.728,1.111,2.806,2.44,2.946,1.932,0.628,0.571,7.03,4.271,4.106,1.781,0.415,1.188,1.068,1.238,1.772,2.292,2.226,0.694,1.033,3.479,4.553,0.274,2.615,7.856,0.489,0.826,2.4,3.122,3.728,0.871,1.724,0.952,4.297,2.691,3.491,1.554,6.619,2.434,4.139,5.252,8.129,1.589,3.136,3.032
"1887-07",1.955,2.283,2.293,2.411,2.678,4.302,4.414,8.591,2.803,6.7,7.882,0.487,0.34,3.197,1.854,2.653,1.523,2.418,2.059,0.868,0.223,6.533,2.489,2.41,0.803,0.421,0.971,1.37,1.72,1.428,3.82,2.275,0.415,0.919,5.638,6.013,0.052,4.435,6.755,0.156,0.298,1.068,2.285,3.788,0.801,1.617,1.17,5.483,3.159,2.965,1.78,4.471,2.512,2.467,4.444,6.398,1.474,2.809,3.053
"1887-08",1.844,2.653,2.32,1.734,2.371,4.027,3.329,7.106,3.18,6.33,5.428,0.312,0.523,3.203,1.884,2.356,2.952,2.289,2.253,0.283,0.192,7.337,3.165,2.118,0.608,0.164,0.728,0.914,1.527,1.89,3.477,3.472,0.381,1.194,4.925,5.757,0.036,5.694,7.52,0.162,0.569,3.07,2.067,3.803,0.785,1.354,1.344,5.859,2.94,2.54,2.787,1.942,2.433,2.998,8.313,7.066,0.951,2.784,3.042
"1887-09",2.192,3.003,2.62,2.806,2.983,3.268,6.335,9.357,3.232,8.62,5.649,0.407,1.687,2.185,2.332,2.946,3.102,1.611,1.402,0.946,0.115,5.758,5.024,1.983,1.087,0.321,0.54,0.933,1.845,1.522,1.928,2.549,0.217,0.607,3.196,3.725,0.075,4.24,7.403,0.114,0.195,0.87,1.662,3.025,0.678,1.065,1.208,6.249,2.702,2.627,3.366,1.734,1.715,1,7.758,5.071,0.947,2.744,2.974
"1887-10",1.959,2.808,1.756,2.44,2.043,3.123,3.037,8.185,4.41,9.695,6.561,0.944,6.917,1.52,3.814,1.9,3.466,2.858,2.198,1.052,0.102,3.391,5.755,2.966,6.487,0.691,1.776,1.578,1.554,1.556,1.309,2.709,1.138,0.308,1.326,2.015,0.18,1.948,6.765,0.202,0.131,0.962,1.481,3.375,0.698,1.008,1.117,5.436,3.101,2.438,3.61,2.608,1.867,1.122,5.579,6.098,1.168,2.558,2.914
"1887-11",2.199,2.166,1.491,3.563,1.525,3.51,2.012,3.515,2.756,8.639,8.868,2.908,9.993,1.435,3.976,2.324,2.451,1.939,1.627,2.672,0.035,0.928,6.04,2.806,8.04,1.634,2.776,2.865,1.053,1.332,0.815,2.136,2.751,0.521,1.346,2.67,0.522,0.562,6.062,0.521,0.326,1.101,1.182,3.602,0.639,1.114,0.976,5.306,3.968,2.569,3.38,4.738,1.695,2.029,4.441,5.43,1.553,2.28,2.96
"1887-12",1.604,2.207,1.502,4.117,1.538,4.299,1.228,2.231,1.502,6.687,5.829,5.013,11.652,1.898,4.67,2.595,3.147,2.771,2.231,2.078,0.059,0.198,4.838,1.322,9.974,3.028,6.484,5.352,0.49,1.492,0.626,2.296,1.715,0.186,1.71,2.333,0.388,1.448,6.478,1.611,0.422,1.716,0.824,2.587,0.512,0.886,0.564,4.057,5.81,2.839,3.111,5.068,1.917,2.137,2.128,7.082,1.34,2.41,3.012
"1888-01",1.622,1.505,0.981,5.71,1.781,3.684,1.367,0.688,1.29,5.644,4.527,7.547,13.261,2.035,4.521,3.108,2.745,2.164,1.886,2.356,0.05,0.035,3.432,0.805,7.897,3.911,7.269,8.262,0.598,0.991,0.434,1.441,2.047,0.294,1.541,1.974,0.369,0.954,6.14,8.14,1.455,2.712,1.578,2.779,0.577,1.039,0.522,3.512,5.832,2.987,2.987,4.329,1.935,0.781,0.394,6.919,1.829,2.469,2.996
"1888-02",1.769,2.149,1.004,4.059,2.035,3.064,2.747,0.923,0.97,6.737,4.253,8.678,13.559,1.697,3.909,2.669,3.602,1.786,1.512,0.943,0.033,0.044,3.359,0.504,5.254,3.567,5.618,8.808,0.655,1.24,0.514,1.365,2.249,0.322,1.676,2.508,0.213,0.649,5.82,7.103,0.869,3.392,1.033,2.704,0.831,1.311,0.614,2.775,6.467,3.586,2.702,3.674,2.052,0.164,0.271,6.852,2.72,2.512,2.988
"1888-03",1.889,1.486,1.416,3.561,1.733,3.12,1.645,0.695,1.506,6.999,6.195,6.817,10.227,2.749,3.755,2.876,2.761,1.905,1.49,1.706,0.128,0.373,4.314,0.894,3.544,3.127,5.253,6.206,0.893,0.897,0.605,1.733,1.802,0.566,1.884,2.594,0.599,1.246,6.548,3.436,0.328,0.985,1.567,2.627,0.901,1.423,0.931,2.385,6.477,3.763,2.343,3.474,1.634,0.062,0.2,5.013,3.239,2.944,2.929
"1888-04",1.923,2.033,1.189,1.92,2.964,3.187,2.34,1.416,0.967,7.727,7.636,4.547,5.347,2.145,3.174,2.885,2.329,2.297,0.955,1.872,0.261,1.362,4.869,1.961,5.484,2.308,2.851,5.314,0.904,0.587,0.676,1.045,3.042,1.143,2.998,3.472,0.329,1.44,6.676,0.949,0.073,0.816,1.396,2.614,1.002,1.231,1.071,2.369,6.026,3.817,2.001,6.862,2.204,0.041,0.132,5.903,2.658,3.145,2.973
"1888-05",1.649,1.615,1.316,3.505,3.778,3.727,1.438,7.911,2.828,7.175,9.022,2.062,0.76,3.006,1.338,3.702,1.723,3.028,1.494,1.537,0.335,4.25,4.393,2.931,5.47,0.366,1.168,2.848,0.85,1.327,1.768,1.865,3.056,1.297,2.981,4.954,0.561,0.661,6.051,0.444,0.11,1.235,1.31,3.661,0.923,1.137,0.562,3.142,4.973,3.451,1.892,7.228,2.236,0.057,0.582,8.878,2.462,3.256,3.044
"1888-06",1.761,2.008,1.925,2.51,3.889,4.428,2.449,7.999,5.605,4.356,7.418,0.696,0.269,2.69,0.933,2.404,1.797,2.882,1.727,1.377,0.342,7.553,3.409,3.092,2.415,0.561,0.309,1.108,1.484,2.124,2.448,2.814,1.357,1.652,4.16,5.574,0.143,2.887,7.388,0.389,0.218,1.265,1.925,3.531,0.691,1.903,1.056,3.97,3.968,3.14,1.707,5.658,2.413,3.049,9.042,8.172,1.562,3.228,3.078
"1888-07",1.181,2.104,2.489,1.583,3.483,4.305,3.314,10.628,3.852,4.895,6.169,0.417,0.366,4.073,1.391,3.374,1.982,3.667,2.495,0.684,0.219,7.561,2.99,2.73,0.77,0.477,0.447,0.576,1.461,2.096,3.369,2.629,0.508,1.534,5.826,6.952,0.01,5.125,8.632,0.265,0.293,1.962,2.262,3.1,0.77,1.232,1.017,4.566,3.406,3.169,2.59,2.675,1.981,2.431,8.062,7.491,1.144,3.04,3.107
"1888-08",2.596,2.385,2.663,1.794,2.469,4.742,4.548,9.653,3.487,7.338,5.24,0.258,0.881,3.015,1.707,2.447,1.628,2.776,1.491,0.602,0.206,6.586,3.577,2.972,1.273,0.275,0.506,0.623,1.784,2.185,2.717,2.31,0.316,1.003,3.667,6.357,0.11,5.256,7.583,0.132,0.177,1.07,1.842,2.903,0.569,1.038,1.307,5.259,3.233,2.703,2.775,1.675,2.327,1.46,5.697,6.837,0.833,2.95,2.998
"1888-09",2.617,2.854,2.407,1.407,1.956,3.993,4.026,6.81,4.201,6.937,4.594,0.718,3.261,1.983,1.812,2.337,3.216,2.643,1.287,0.874,0.206,5.423,4.998,1.854,1.167,0.207,0.477,0.899,1.537,1.605,2.443,2.262,0.332,0.613,1.721,3.298,0.048,3.078,7.794,0.164,0.173,1.379,1.169,2.915,0.816,1.162,1.175,6.327,2.672,2.64,3.722,1.449,2.164,1.348,6.569,6.187,0.903,2.731,2.963
"1888-10",2.093,2.906,1.982,3.614,1.817,2.873,2.58,6.852,4.786,8.774,5.219,1.652,5.905,1.908,3.161,2.536,3.334,2.885,1.764,2.038,0.202,3.218,5.596,3.257,5.229,1.337,2.592,1.878,1.166,2.162,1.586,2.051,0.998,0.443,0.984,2.232,0.102,1.63,6.269,0.153,0.102,0.763,1.215,3.084,0.693,0.929,0.781,5.28,3.582,2.56,4.337,2.143,1.95,2.321,6.513,6.498,1.461,2.392,2.946
"1888-11",1.548,2.627,1.568,2.1,2.656,4.511,2.82,7.788,2.717,9.851,8.517,1.796,8.304,1.335,3.872,2.306,4.482,2.88,1.94,1.63,0.038,0.777,5.401,2.704,8.529,1.863,2.454,1.708,1.145,1.925,1.043,2.2,1.538,0.461,1.222,1.758,0.217,1.572,7.121,0.289,0.832,2.389,1.349,2.847,0.609,0.953,0.756,5.013,3.91,2.476,3.142,3.789,1.819,2.465,7.048,7.445,1.02,2.481,2.991
"1888-12",1.907,2.123,1.481,4.206,1.836,3.583,2.501,1.413,1.02,6.927,6.586,5.739,12.507,0.909,3.886,1.878,3.456,2.614,2.127,2.086,0.027,0.039,3.735,0.511,7.327,2.116,6.489,6.588,0.66,1.349,0.623,2.139,0.961,0.276,1.625,1.99,0.059,1.604,5.999,0.888,0.577,1.528,1.336,2.394,0.536,0.958,0.712,4.319,5.455,2.874,2.994,3.531,2.135,2.142,2.078,10.486,1.35,2.314,2.981
"1889-01",1.963,2.172,0.654,3.51,1.228,3.989,0.216,1.173,1.52,5.7,4.124,9.79,12.042,2.095,3.779,2.805,3.304,3.41,1.536,2.077,0.091,0.008,2.542,0.471,5.674,3.511,8.08,10.137,0.709,1.07,0.559,1.187,1.283,0.437,0.726,1.912,0.182,0.929,8.33,4.544,1.01,1.431,1.528,3.061,0.595,0.859,0.643,3.116,5.291,3.162,3.042,3.525,1.777,2.75,1.332,10.815,1.904,2.485,3.022
"1889-02",2.133,1.955,0.965,2.161,1.075,3.422,0.875,1.153,0.876,4.943,3.998,9.656,12.9,2.079,3.339,2.765,3.388,2.317,1.589,1.456,0.019,0.063,2.551,0.544,4.35,3.527,7.744,7.735,0.762,1.191,0.645,1.808,1.23,0.308,1.593,2.221,0.041,0.489,7.519,5.667,1.574,3.797,1.464,2.482,0.672,1.337,0.629,2.924,4.419,3.839,2.432,3.424,2.582,0.767,0.218,7.715,2.51,2.602,2.938
"1889-03",2.046,1.435,1.295,2.887,1.99,3.477,2.069,0.977,1.281,6.225,6.135,9.424,11.592,2.751,2.3,3.053,2.32,1.643,1.785,2.501,0.264,0.725,5.122,1.169,3.959,1.552,2.342,4.946,0.779,0.997,0.847,1.821,2.539,0.712,2.813,2.228,0.373,0.975,6.623,7.733,2.063,2.683,1.335,2.415,0.962,1.694,0.824,2.713,3.482,4.011,2.009,5.863,2.097,0.275,0.379,5.676,3.171,2.846,2.926
"1889-04",1.352,1.654,1.031,3.016,2.842,3.229,2.251,1.171,0.601,6.775,5.387,8.622,7.501,2.635,2.474,3.438,2.088,2.064,1.529,1.14,0.024,0.869,4.229,1.684,4.881,0.385,2.292,6.18,1.073,1.869,1.2,1.428,1.617,1.029,2.293,3.506,0.136,1.302,7.287,1.818,0.614,1.783,1.95,2.37,0.829,1.11,0.794,3.265,3.502,3.914,2.03,5.622,2.513,0.019,3.372,7.107,2.476,3.146,2.922
"1889-05",1.026,1.322,0.979,3.399,3.175,4.348,1.287,3.168,1.028,7.371,7.178,5.136,2.931,3.443,2.343,2.377,2.017,1.523,2.465,1.21,0.129,2.437,4.522,4.081,4.635,0.66,1.135,0.902,1.4,1.99,1.203,1.991,2.338,1.178,2.886,3.518,0.576,1.432,7.336,1.021,0.604,1.882,1.815,3.619,1.054,1.33,0.804,3.807,2.683,3.639,1.721,9.622,2.198,0.087,1.571,6.317,2.644,3.168,2.966
"1889-06",1.674,2.018,1.909,2.813,4.147,3.467,3.695,6.122,1.622,5.369,8.632,2.03,0.397,3.197,0.834,3.268,1.934,2.813,2.179,1.035,0.227,4.421,3.141,2.416,1.561,0.582,0.891,1.209,1.46,2.309,2.373,2.094,1.111,0.895,4.105,5.885,0.068,3.928,8.058,0.438,0.193,2.344,2.012,3.853,0.769,1.537,0.855,4.579,2.221,3.536,1.476,7.72,2.595,4.096,9.825,6.714,1.528,2.961,3.052
"1889-07",1.205,2.168,2.563,1.948,3.397,4.393,3.448,7.364,3.166,4.995,7.588,1.138,0.395,2.379,1.788,2.681,2.758,2.312,1.663,0.393,0.157,7.426,2.781,3.163,1.104,0.394,0.772,1.71,1.666,2.594,2.808,3.399,0.452,1.011,6.268,5.276,0.053,6.171,7.176,0.235,0.666,1.854,3.277,2.877,0.807,1.135,1.189,5.138,2.326,3.135,2.11,3.461,1.977,2.726,6.731,6.961,1.394,3.107,3.034
"1889-08",1.959,3.036,2.196,1.421,3.577,4.394,3.544,7.754,3.461,4.673,6.831,0.611,0.445,1.139,1.644,2.112,2.406,2.582,1.94,0.225,0.183,7.154,3.743,2.736,1.201,0.465,0.636,0.724,1.79,2.05,2.765,3.359,0.136,0.768,7.088,5.537,0.057,5.332,6.928,0.161,0.568,0.997,2.229,2.672,0.75,1.745,0.907,5.826,2.265,2.963,2.917,1.903,1.811,1.435,8.407,7.828,1.022,2.905,3.023
"1889-09",2.188,3.192,2.291,2.14,2.293,3.73,3.062,9.143,3.453,7.338,5.234,0.535,3.22,1.615,3.097,2.177,2.995,1.853,1.405,0.79,0.033,4.746,4.04,1.457,0.757,0.449,0.461,0.585,1.644,1.519,1.856,3.177,0.404,0.834,2.305,4.407,0.043,4.06,8.752,0.137,0.15,0.971,2.141,3.465,0.56,1.965,1.041,5.949,2.139,2.655,3.603,1.588,2.068,1.393,6.361,7.012,0.705,2.685,2.969
"1889-10",2.788,3.09,2.139,2.474,2.641,3.76,1.944,7.261,3.778,8.743,5.861,2.576,8.213,2.259,2.572,2.87,2.638,2.039,1.596,1.967,0.101,3.284,5.121,1.764,3.888,0.985,2.762,2.191,1.508,1.416,1.253,3.045,0.829,0.285,1.133,2.535,0.147,1.463,6.198,0.184,0.206,0.47,1.36,3.024,0.777,0.928,1.139,5.721,2.791,2.739,3.865,1.583,1.859,0.885,3.311,7.82,1.324,2.349,2.935
"1889-11",1.947,2.951,1.614,1.929,2.169,3.836,6.08,4.251,2.301,8.18,5.277,2.796,10.632,1.944,4.9,2.376,2.426,3.433,1.441,3.072,0.048,1.102,4.749,1.153,5.789,1.582,1.884,2.778,1.197,1.245,0.831,1.896,1.346,0.481,0.403,1.297,0.209,0.761,5.946,0.27,0.492,2.54,1.065,3.157,0.673,1.004,0.732,5.68,3.473,2.515,3.691,2.156,1.995,2.732,4.386,9.926,1.419,2.323,2.959
"1889-12",2.074,2.218,1.167,4.611,1.784,3.179,1.575,2.482,1.877,5.977,6.507,6.835,14.877,1.632,4.952,2.54,2.647,1.958,1.603,2.355,0.035,0.204,3.619,0.772,6.363,2.554,6.787,5.15,0.611,1.189,0.722,1.686,1.685,0.395,0.597,1.435,0.444,0.401,8.008,1.196,0.597,2.64,1.581,2.943,0.581,0.925,0.896,4.195,4.881,2.669,3.117,3.965,1.662,2.191,0.698,9.63,1.825,2.275,2.985
"1890-01",1.963,2.634,1.122,1.169,1.368,3.152,3.387,0.837,0.807,7.021,4.379,7.661,12.865,2.117,4.817,2.751,2.461,1.866,2.06,2.515,0.045,0.009,2.351,0.405,4.959,3.022,7.914,7.891,0.633,1.085,0.488,1.146,0.966,0.113,1.076,1.819,0.207,0.226,6.555,4.82,1.221,2.006,1.064,2.87,0.651,0.884,0.579,3.472,6.844,3.129,3.324,3.074,1.894,0.22,0.08,8.003,2.858,2.404,3.016
"1890-02",1.079,1.688,1.101,4.79,1.538,3.187,1.365,0.679,1.103,7.146,4.929,8.186,12.257,1.463,4.679,2.531,3.101,2.02,2.333,1.796,0.126,0.389,3.502,0.33,3.832,2.976,6.083,6.506,0.489,1.343,0.593,1.479,1.214,0.256,1.294,1.313,0.027,0.358,5.693,11.887,3.164,4.97,1.067,2.612,0.872,1.154,0.4,2.921,6.581,3.439,2.759,3.729,1.878,0.709,0.156,6.612,2.754,2.535,3.003
"1890-03",2.066,2.047,0.953,3.511,1.621,3.579,0.809,0.83,1.185,7.625,6.154,7.947,12.101,1.695,4.041,2.398,1.838,2.422,2.128,1.552,0.08,0.949,4.526,1.194,2.511,3.072,4.286,4.38,0.604,1.38,0.973,1.035,1.937,0.373,1.65,2.21,0.439,0.971,5.657,3.272,1.334,4.515,0.964,1.924,0.987,1.695,0.444,2.261,7.708,3.769,2.823,4.479,2.059,0.159,0.057,4.113,3.264,2.776,2.975
"1890-04",1.209,1.258,1.243,3.895,2.822,3.554,0.936,0.802,0.678,5.982,5.974,5.845,9.828,2.819,3.063,2.676,1.923,3.029,1.871,1.389,0.087,1.801,6.059,3.565,4.567,1.159,2.251,2.539,0.787,1.916,1.169,2.125,1.502,0.745,2.105,3.027,0.191,0.964,5.569,1.579,0.145,1.129,1.421,3.097,1.032,1.617,0.54,1.812,7.865,3.58,1.872,6.193,2.467,0.146,0.056,5.371,2.845,3.013,2.922
"1890-05",1.702,1.522,1.643,4.03,3.426,3.618,0.848,3.234,1.309,5.994,8.156,3.386,2.024,2.059,2.172,2.445,2.011,2.583,2.249,1.096,0.199,3.152,4.35,4.01,4.35,0.418,0.964,1.94,1.183,2.045,1.972,1.741,1.385,0.927,3.764,3.729,0.852,2.482,5.754,0.435,0.244,1.004,2.171,3.115,0.74,1.577,0.543,2.715,6.557,3.499,1.463,7.84,2.214,0.393,0.69,8.122,2.025,3.255,2.982
"1890-06",1.826,1.815,1.584,2.29,4.672,4.112,2.924,10.369,4.049,7.911,9.18,1.037,0.45,4.261,1.638,2.587,1.094,2.566,2.626,1.431,0.263,5.697,2.662,2.509,1.104,1.125,1.325,1.706,1.452,1.883,2.737,2.256,0.808,0.935,3.469,5.962,0.24,2.004,5.6,0.693,1.152,2.339,2.939,4.415,1.027,1.442,0.842,3.459,5.397,2.768,1.597,6.051,2.556,4.715,4.322,7.023,1.836,2.853,3.024
"1890-07",1.584,2.559,1.885,1.437,3.806,4.247,3.485,8.331,2.514,4.481,7.016,0.66,0.287,4.074,1.558,2.096,1.699,3.191,2.158,1.27,0.314,7.332,2.403,2.204,0.663,0.526,0.508,0.451,1.678,2.024,3.986,2.47,0.338,0.856,5.694,5.885,0.01,6.326,8.213,0.297,0.205,0.754,2.278,3.254,0.715,1.279,1.501,4.257,5.472,2.981,2.579,2.597,2.125,3.16,8.864,5.296,1.332,2.836,3.087
"1890-08",1.804,2.858,2.044,1.697,3.17,3.706,2.267,6.849,3.161,5.618,4.069,0.557,0.594,4.435,1.768,3.056,2.758,3.087,2.198,0.366,0.204,6.942,3.371,2.204,0.722,0.443,0.453,0.427,1.571,1.853,3.445,2.477,0.21,0.838,5.049,6.644,0.009,5.76,6.798,0.165,0.136,0.67,1.385,3.188,0.663,1.746,1.352,5.547,4.283,2.828,3.101,1.356,2.052,2.851,9.235,4.306,1.058,2.708,2.996
"1890-09",1.392,3.034,2.771,2.722,2.141,4.163,2.939,8.08,3.706,8.261,4.726,0.765,3.155,3.422,2.902,2.711,3.265,3.2,1.739,0.787,0.065,5.181,4.963,3.038,2.396,0.798,0.589,0.713,1.639,1.619,1.734,3.28,0.158,0.747,2.58,4.081,0.037,3.318,5.499,0.102,0.104,0.282,1.424,2.441,0.594,1.382,1.225,6.248,4.151,2.596,3.425,1.325,2.051,1.153,4.394,3.776,0.869,2.756,2.963
"1890-10",2.551,2.794,1.957,2.278,3.17,3.66,3.4,6.432,4.917,9.367,4.057,0.405,7.455,2.077,4.032,2.224,3.416,1.957,1.734,1.671,0.117,3.066,6.117,3.823,6.603,1.517,1.618,1.509,1.298,1.763,1.478,2.499,0.752,0.389,1.763,2.043,0.327,2.4,4.416,0.119,0.057,0.25,1.213,2.436,0.764,0.66,0.883,5.44,4.885,2.51,4.064,1.72,2.008,4.412,6.356,4.452,1.188,2.38,2.926
"1890-11",2.244,2.372,1.33,3.673,2.122,3.276,2.204,5.502,3.537,8.685,4.536,1.336,8.822,1.822,4.639,2.27,1.693,2.16,1.513,3.109,0.035,0.968,5.071,1.555,9.306,2.161,4.642,3.284,0.785,1.34,0.628,1.976,1.775,0.634,0.363,2.397,0.094,1.159,4.749,0.18,0.258,0.796,1.938,2.905,0.648,0.823,0.801,5.278,5.08,2.587,3.957,2.776,2.095,2.851,7.852,5.2,1.337,2.384,2.948
"1890-12",1.638,2.099,1.299,3.712,2.438,4.113,3.468,1.806,1.261,7.421,5.662,3.184,10.187,1.724,4.395,2.896,3.188,2.525,1.157,2.057,0.039,0.112,3.955,2.522,10.582,2.926,5.02,3.015,0.602,0.87,0.44,2.051,2.297,0.513,0.6,2.447,0.41,0.343,5.001,2.988,0.104,0.3,1.094,2.608,0.616,0.925,0.644,3.777,7.318,2.99,3.37,3.923,2.206,2.046,4.216,8.03,1.034,2.297,2.998
"1891-01",2.064,2.183,1.161,4.216,2.544,3.28,2.445,1.143,1.043,5.699,3.952,4.914,11.046,2.297,4.788,2.772,3.476,2.393,1.491,1.731,0.046,0.043,3.506,0.347,9.097,4.135,6.291,6.173,0.65,0.809,0.434,1.562,2.199,0.365,1.038,2.437,0.125,0.263,5.004,2.555,1.022,0.778,0.774,2.324,0.735,1.183,0.769,2.767,9.304,3.257,3.035,3.64,1.62,0.187,0.268,8.835,1.759,2.427,3.013
"1891-02",1.824,1.772,0.94,3.991,1.702,3.135,1.949,0.886,1.738,5.646,5.887,5.016,11.915,2.327,5.153,2.723,3.549,1.564,1.587,1.607,0.113,0.059,3.567,0.782,5.173,3.316,6.58,9.746,0.801,1.292,0.509,0.877,1.448,0.421,2.394,2.296,0.512,1.508,5.121,6.152,1.54,2.746,1.463,2.028,0.847,1.686,0.751,2.52,7.551,3.327,3.601,2.757,1.826,0.192,0.114,5.94,2.358,2.707,2.982
"1891-03",1.77,1.488,0.872,3.952,2.258,3.529,1.52,1.084,1.465,9.18,5.878,6.19,11.246,2.723,3.169,2.691,2.49,1.564,1.496,1.394,0.093,0.696,4.954,1.766,6.251,2.313,3.675,4.477,0.539,1.154,0.503,1.124,2.586,0.439,1.866,2.924,1.166,1.017,5.218,4.818,0.737,2.728,1.452,3.36,1.085,1.356,0.649,2.166,7.786,3.543,2.985,3.157,1.887,0.097,0.053,5.208,3.185,2.781,2.971
"1891-04",1.242,1.57,1.344,4.303,3.348,4.92,0.466,0.534,1.069,9.106,8.367,5.281,4.743,2.066,2.635,2.963,2.522,1.88,1.85,1.689,0.13,0.963,5.853,3.761,6.272,0.833,2.108,2.928,0.864,2.06,1.303,1.563,2.361,0.673,2.559,3.32,1.552,0.938,5.829,1.527,0.43,1.939,2.161,2.87,0.939,1.933,0.545,1.69,8.538,3.15,1.758,5.927,2.037,0.075,0.015,7.249,2.425,3.205,2.986
"1891-05",1.295,1.529,1.72,3.474,3.058,4.455,1.312,2.46,2.826,8.817,8.796,2.024,1.304,3.807,1.813,2.589,1.653,1.97,1.882,1.832,0.385,3.522,5.211,3.712,4.906,0.595,1.391,1.202,0.889,1.87,1.584,2.326,2.716,1.285,2.98,4.084,0.823,1.037,6.461,1.586,0.523,3.082,1.88,3.776,0.849,1.464,0.634,1.924,7.642,3.325,1.669,8.066,2.32,0.016,0.479,7.38,1.951,3.276,3.04
"1891-06",1.886,1.83,1.842,2.297,3.6,4.333,2.632,11.135,5.001,5.76,9.097,0.722,0.237,4.904,0.827,3.417,1.733,3.818,2.747,1.426,0.333,6.819,3.3,2.15,1.632,0.697,1.018,1.688,1.589,1.963,2.006,1.635,1.407,1.737,3.492,5.702,0.148,1.731,7.263,0.341,0.133,0.535,2.306,3.063,0.924,1.234,0.859,3.362,5.215,3.481,1.566,6.007,2.201,3.133,3.673,7.652,1.575,3.057,3.094
"1891-07",1.654,2.377,2.318,1.581,3.147,4.822,3.133,11.719,4.614,4.851,7.194,0.554,0.367,3.248,1.841,2.953,2.292,2.876,2.706,0.901,0.136,5.515,2.33,2.725,0.952,0.91,0.784,1.119,1.843,1.888,3.323,2.166,0.433,1.072,6.202,6.325,0.038,4.881,7.672,0.476,0.47,2.459,2.052,3.88,0.842,1.297,1.182,4.395,4.003,3.004,2.492,2.874,2.073,3.471,6.096,8.341,1.022,2.952,3.098
"1891-08",1.313,2.793,2.625,1.466,3.224,4.124,3.208,9.21,3.542,4.687,5.547,0.3,0.305,2.817,0.822,2.659,2.385,3.25,2.649,0.322,0.205,7.621,4.23,3.118,1.421,0.314,0.94,0.863,1.611,1.627,3.329,2.626,0.266,1.075,5.394,5.441,0.038,7.267,7.999,0.188,0.318,1.162,1.935,3.817,0.76,1.31,1.404,5.502,3.161,2.919,2.717,1.68,2.023,2.912,10.755,4.378,0.946,2.87,3.034
"1891-09",1.873,3.564,2.312,2.148,3.585,3.671,6.193,8.548,3.687,7.498,5.657,0.493,3.598,2.831,3.306,2.392,3.405,2.483,2.164,0.458,0.054,3.376,4.346,2.247,1.376,0.554,0.784,0.427,1.657,1.241,2.496,2.475,0.392,0.704,3.143,3.539,0.09,4.731,7.347,0.106,0.02,0.465,1.517,2.76,0.624,1.461,1.276,6.668,2.466,2.6,3.069,2.301,2.131,2.549,9.306,3.763,0.811,2.76,2.997
"1891-10",2.322,2.283,1.979,1.89,4.366,3.356,3.914,9.492,5.601,8.378,6.706,0.536,6.104,2.361,3.347,2.556,2.528,2.303,1.596,1.912,0.072,3.318,5.222,4.009,5.88,0.75,1.377,1.131,1.356,1.37,1.419,2.806,1.879,0.381,1.796,2.113,0.663,2.436,4.669,0.085,0.155,0.251,1.04,2.496,0.553,1.156,0.922,5.37,3.409,2.706,3.812,2.707,1.778,2.333,5.339,6.115,1.243,2.584,2.923
"1891-11",1.444,2.573,1.725,2.602,1.767,3.312,2.569,4.661,3.913,8.117,6.729,1.742,9.25,1.087,4.912,1.828,3.035,3.733,2.562,2.213,0.058,1.484,5.942,3.968,7.744,2.142,4.931,4.481,0.948,1.466,0.728,2.196,1.377,0.691,0.801,2.528,0.385,1.246,6.776,0.441,0.603,1.553,1.189,2.629,0.442,1.41,0.681,4.797,3.343,2.679,3.167,4.112,2.007,4.261,7.548,5.182,1.452,2.415,2.94
"1891-12",2.163,2.059,1.399,3.685,1.235,3.106,2.646,2.021,1.617,7.546,7.681,4.191,10.413,1.947,4.144,2.793,3.399,1.665,1.562,2.046,0.046,0.146,4.169,0.906,8.689,2.845,6.101,4.9,0.849,1.163,0.576,2.297,1.956,0.247,1.983,2.323,0.416,0.806,7.56,1.938,1.445,3.568,0.869,2.722,0.561,0.747,0.621,4.415,4.42,3.039,2.925,5.506,1.612,3.244,1.355,7.672,1.197,2.388,3
"1892-01",2.014,1.748,1.125,5.654,2.5,4.261,1.826,1.197,1.773,5.903,4.374,8.845,12.657,2.237,4.246,2.257,3.187,2.42,1.776,2.164,0.038,0.005,3.111,0.824,7.698,3.308,8.162,6.125,0.785,0.988,0.457,1.288,1.114,0.241,1.617,2.341,0.224,1.518,7.064,7.162,2.268,2.194,1.131,2.784,0.601,1.154,0.714,3.443,4.501,3.238,2.905,4.186,1.773,0.502,0.558,9.762,1.488,2.4,3.005
"1892-02",2.147,1.992,1.055,3.566,1.785,3.301,2.842,0.824,1.313,7.057,5.484,7.086,13.5,2.674,4.813,2.612,2.862,2.717,1.754,1.688,0.012,0.058,2.225,0.169,3.358,3.294,8.064,9.307,0.465,1.197,0.41,1.389,1.066,0.245,0.802,1.909,0.048,0.481,7.177,10.004,4.389,4.053,1.926,2.821,0.922,1.267,0.553,3.09,4.842,3.429,2.61,3.377,1.846,0.145,0.403,8.253,2.994,2.503,3.03
"1892-03",1.965,1.22,1.43,4.472,3.136,4.812,1.867,0.71,1.223,6.621,6.05,9.526,10.144,1.716,2.725,3.019,2.898,2.015,1.632,1.492,0.056,0.609,4.69,0.526,2.782,2.302,2.448,7.108,0.764,0.575,0.511,1.748,1.937,0.519,2.801,2.2,0.106,0.724,7.334,8.256,1.1,2.282,1.123,2.623,0.913,1.845,0.769,2.746,4.204,4.051,2.16,4.208,2.509,0.029,0.05,5.829,2.965,2.824,2.964
"1892-04",1.666,1.184,1.333,4.046,2.902,3.543,1.437,1.622,0.758,7.584,7.678,5.259,6.03,2.044,2.268,3.064,1.422,1.723,2.071,1.755,0.115,2.167,5.489,3.717,7.988,0.89,1.507,1.923,1.076,1.361,0.987,1.469,1.419,0.68,1.947,3.162,0.156,0.789,7.674,2.4,0.679,1.118,1.997,3.272,0.997,1.25,0.777,2.25,4.993,3.761,2.018,6.671,2.074,0.037,0.137,6.971,2.537,3.244,2.939
"1892-05",1.245,1.707,1.108,3.084,4.045,3.588,1.43,3.758,1.437,7.796,7.977,2.931,1.787,3.709,1.95,2.666,1.83,2.95,2.247,1.058,0.199,3.719,4.667,3.057,5.567,0.241,1.035,1.839,1.032,2.137,2.143,1.608,0.912,1.295,2.46,3.992,0.028,1.263,8.579,0.669,0.624,1.49,2.368,3.837,0.966,1.538,0.789,2.952,5.06,3.425,1.646,7.33,2.858,0.274,4.563,6.967,1.856,2.96,2.992
"1892-06",1.208,1.664,1.655,3.028,5.276,4.029,2.057,7.26,2.512,7.61,9.316,0.989,0.582,3.424,1.686,2.779,2.216,3.662,2.159,0.587,0.155,6.493,2.765,1.969,1.924,0.467,1.224,1.952,1.507,1.643,2.535,2.941,0.625,0.677,3.565,5.912,0.031,2.458,7.929,0.571,0.243,1.245,1.755,3.669,0.71,1.594,0.966,3.96,3.948,3.235,1.823,5.323,2.711,2.478,3.819,9.384,1.121,3.076,3.068
"1892-07",2.073,2.079,2.347,2.333,4.302,4.429,3.587,11.104,3.289,6.287,7.683,0.626,0.377,3.713,1.435,2.983,2.048,2.86,1.835,0.485,0.123,5.989,2.06,1.807,0.829,0.44,0.927,0.889,1.799,1.888,2.977,2.905,0.39,1.37,5.682,5.774,0.007,4.005,6.916,0.259,0.265,1.036,1.694,3.675,0.595,1.77,1.36,5.488,3.546,3.174,2.201,2.369,2.609,2.215,3.754,7.248,0.939,2.951,3.085
"1892-08",2.242,2.71,2.367,1.197,3.948,3.779,4.85,9.297,2.64,6.028,6.019,0.777,0.769,3.698,2.111,2.443,2.606,2.632,1.207,0.534,0.144,7.066,3.374,2.321,0.783,0.369,0.851,1.141,1.821,1.932,2.374,2.969,0.194,0.89,4.368,5.492,0.011,3.747,7.519,0.197,0.423,1.525,1.614,4.275,0.737,1.466,1.541,5.565,3.431,3.002,2.824,1.737,2.05,1.826,5.52,4.033,1.062,2.703,2.99
"1892-09",1.957,3.215,2.432,3.079,2.729,3.376,6.206,8.148,2.488,7.143,5.163,0.601,4.297,2.163,2.417,2.385,3.119,2.503,1.733,1.027,0.103,4.946,4.772,2.153,1.555,0.558,0.927,0.648,1.718,1.215,2.256,2.318,0.235,0.473,2.58,3.883,0.075,2.523,6.44,0.053,0.083,0.562,1.584,3.511,0.858,1.185,1.224,5.876,3.682,2.718,3.485,1.617,2.093,0.885,3.909,5.467,0.94,2.743,2.967
"1892-10",2.436,2.82,2.269,2.327,1.342,3.394,4.034,7.204,3.852,8.951,6.626,2.836,3.776,2.437,2.51,2.255,3.71,2.117,1.596,1.908,0.485,5.637,6.288,3.724,5.133,1.052,1.24,1.137,1.638,1.466,1.15,2.257,1.936,0.652,1.799,2.345,0.557,1.101,4.708,0.337,0.084,0.647,1.571,2.8,0.869,1.076,1.193,4.998,4.642,2.225,4.15,2.012,1.982,1.563,4.246,6.356,1.404,2.386,2.928
"1892-11",1.914,2.564,1.241,4.084,3.211,5.08,1.434,5.925,2.612,9.552,8.555,3.396,8.716,2.384,4.004,2.314,2.471,2.848,1.85,3.038,0.166,1.064,5.727,2.936,8.153,1.384,1.576,1.485,1.226,1.154,0.998,2.366,1.674,0.363,0.79,1.438,0.278,0.992,5.803,0.456,0.399,0.899,1.436,2.981,0.9,1.061,0.735,4.727,5.055,2.501,3.556,4.251,1.849,2.191,6.193,6.897,1.133,2.493,3.01
"1892-12",2.19,2.16,1.08,2.358,2.394,3.54,3.703,1.464,1.174,5.811,6.245,7.141,12.617,1.554,3.288,2.45,2.795,1.738,1.387,2.979,0.065,0.424,4.629,0.467,7.763,2.467,4.971,5.562,0.786,1.4,0.553,1.528,1.856,0.413,0.982,1.977,0.106,0.822,6.149,0.821,0.441,0.808,1.181,2.836,0.648,0.791,0.667,3.732,6.783,2.528,3.494,4.921,1.93,1.179,4.277,9.523,1.456,2.412,2.997
"1893-01",2.295,1.825,0.984,4.249,1.821,2.998,2.166,0.723,0.693,6.309,4.715,12.225,12.285,2.08,4.033,2.907,2.325,2.004,1.566,2.03,0.065,0.014,3.422,0.428,5.446,2.798,6.831,5.235,0.647,0.994,0.474,1.879,1.543,0.33,0.935,1.774,0.134,0.373,7.25,7.661,1.641,3.389,1.065,2.371,0.529,1.109,0.636,3.091,5.964,3.018,3.423,4.22,1.507,0.708,0.365,10.08,1.75,2.545,3.015
"1893-02",1.771,2.413,0.869,1.716,1.172,3.377,0.688,0.65,0.748,5.809,4.047,9.066,13.269,1.879,4.951,3.14,3.018,2.904,1.78,1.334,0.023,0.052,2.702,0.362,4.549,3.759,7.797,8.612,0.458,0.991,0.401,1.333,1.274,0.445,0.958,2.494,0.146,0.202,8.039,7.446,1.209,2.847,1.23,2.709,0.963,1.181,0.494,2.506,6.126,3.074,2.762,4.312,1.81,0.042,0.068,8.084,2.892,2.766,2.993
"1893-03",2.104,1.677,0.849,3.722,1.816,3.716,1.012,0.732,1.322,7.314,4.687,8.248,12.916,1.566,4.126,2.744,2.063,1.629,1.457,1.685,0.038,0.55,4.379,0.923,4.043,1.55,2.081,9.582,0.651,1.432,0.884,1.448,1.58,0.791,1.703,3.032,0.055,0.298,7.73,5.516,0.219,0.643,0.844,2.264,0.936,1.313,0.628,2.249,5.284,3.732,2.543,4.487,2.19,0.043,0.199,5.884,3.78,2.894,2.939
"1893-04",1.565,1.822,1.075,3.132,3.077,3.156,1.196,1.23,0.851,7.103,6.731,6.229,7.613,1.153,1.768,2.873,1.972,2.535,1.557,1.422,0.046,1.777,5.801,1.56,3.239,0.278,1.989,3.928,0.887,1.539,1.205,1.714,2.158,0.923,2.556,3.055,0.096,0.583,7.399,1.529,0.351,1.463,1.262,2.093,0.917,1.525,0.486,2.444,5.017,3.732,2.012,6.871,2.448,0.082,0.786,6.033,3.247,3.21,2.906
"1893-05",1.702,1.949,1.275,2.471,3.89,4.479,1.394,2.591,1.06,6.303,7.94,2.985,2.113,2.789,2.456,2.676,1.317,2.876,2.232,1.178,0.125,4.036,4.296,4.32,4.036,0.555,0.602,1.237,0.761,1.786,1.571,1.77,1.416,1.133,3.227,4.436,0.242,0.998,7.289,0.85,0.489,1.954,2.005,3.705,0.75,2.097,0.605,3.315,3.147,3.79,1.776,7.146,2.324,1.146,2.328,8.103,2.298,3.228,2.95
"1893-06",1.686,2.031,1.937,2.503,3.848,3.872,2.142,6.368,2.093,4.242,7.853,1.916,0.287,2.747,0.969,2.963,1.995,3.365,2.778,0.807,0.247,6.237,3.341,2.382,2.083,0.276,0.749,0.752,1.1,1.9,2.417,2.05,0.718,1.288,2.634,7.109,0.031,2.425,7.835,1.011,0.274,1.5,2.246,3.96,0.696,1.304,0.726,4.015,3.537,3.606,1.391,7.456,1.744,3.075,4.167,7.758,1.574,3.134,3.032
"1893-07",2.151,2.576,2.59,1.739,3.085,3.908,3.707,9.204,2.721,7.31,7.793,0.565,0.538,3.538,2.074,2.485,1.674,3.009,2.081,0.676,0.217,6.531,2.529,2.617,0.549,0.471,1.655,1.615,2.078,1.78,2.211,2.59,0.402,1.013,6.093,6.557,0.03,5.298,8.849,0.898,2.234,5.343,2.374,4.172,0.686,1.526,0.823,4.164,3.124,3.017,2.048,2.693,2.783,1.697,5.308,6.154,1.509,2.811,3.045
"1893-08",1.518,2.826,2.702,1.667,2.079,3.802,2.704,8.113,3.184,7.053,6.113,0.392,1.151,2.36,1.713,2.775,2.922,2.603,2.371,0.196,0.13,7.438,3.341,2.466,0.875,0.441,0.514,0.694,1.569,1.283,2.927,2.938,0.453,0.745,4.952,5.215,0.127,7.988,9.136,0.323,0.283,1.491,2.022,3.154,0.77,1.306,1.548,5.318,2.749,2.892,2.656,1.631,2.221,2.783,9.551,6.745,0.881,3.048,3.072
"1893-09",3.071,2.851,1.954,2.694,3.207,4.145,3.801,7.98,5.214,8.266,6.551,1.555,2.985,2.245,2.791,2.474,2.045,2.274,1.154,0.698,0.058,3.787,4.339,1.853,1.155,0.526,0.714,0.67,1.547,2.041,1.926,2.402,0.164,0.699,3.06,4.916,0.042,4.474,7.693,0.174,0.239,0.739,1.419,2.91,0.724,1.52,1.372,5.877,2.546,2.691,3.351,1.937,1.924,1.201,5.531,6.486,0.83,2.669,2.976
"1893-10",2.518,2.904,2.087,1.66,1.56,4.105,2.817,8.199,5.132,8.941,5.377,0.971,9.141,2.309,4.44,2.16,2.328,2.218,1.204,1.966,0.091,2.814,5.079,3.944,2.989,1.031,1.181,1.31,1.309,1.724,1.352,2.692,0.697,0.454,1.049,1.715,0.313,2.163,6.886,0.1,0.244,0.759,1.666,2.812,0.751,1.327,0.963,5.672,2.992,2.401,3.685,1.769,1.843,2.111,7.788,7.713,1.135,2.47,2.937
"1893-11",2.413,2.531,1.727,3.744,0.821,3.399,2.304,5.393,2.217,9.004,7.168,2.975,10.424,1.33,3.971,2.272,3.252,2.113,2.079,2.079,0.147,0.994,4.92,1.333,7.639,1.077,2.26,1.488,0.607,1.912,0.982,2.395,1.591,0.42,0.575,1.994,0.054,0.579,7.02,0.678,0.886,2.145,0.948,2.388,0.431,1.149,0.725,5.142,3.475,2.719,3.303,2.751,2.099,0.763,6.372,10.211,0.923,2.44,2.945
"1893-12",2.07,2.295,1.281,5.681,2.177,3.082,1.911,1.603,1.142,5.967,7.638,6.952,12.678,2.19,3.685,2.444,3.519,2.16,1.791,2.026,0.037,0.136,4.036,0.351,6.58,1.963,5.561,4.93,0.494,1.191,0.52,1.634,1.683,0.356,1.157,2.558,0.089,0.583,8.472,2.749,1.429,2.77,1.612,3.132,0.49,0.942,0.768,3.987,4.786,2.918,2.995,4.77,1.828,0.418,0.766,9.65,1.092,2.377,3.009
"1894-01",2.045,1.863,1.04,4.968,0.955,3.336,1.1,1.023,1.142,5.065,4.496,10.512,14.942,2.522,4.383,3.053,3.363,3.302,2.462,1.29,0.062,0.017,3.338,0.112,5.443,3.376,6.844,6.011,0.733,1.313,0.539,1.7,1.478,0.255,1.238,1.608,0.335,0.693,8.15,7.889,1.687,3.778,1.212,3.286,0.718,0.834,0.503,3.185,5.394,3.284,2.921,4.078,1.793,0.208,1.003,9.082,1.819,2.298,3.028
"1894-02",2.072,2.116,0.886,1.777,1.35,3.976,2.077,0.782,0.64,6.078,4.046,9.741,14.855,2.241,4.583,3.36,2.057,2.65,1.041,2.474,0.023,0.074,3.346,0.664,4.087,3.154,5.917,9.593,0.621,1.134,0.5,1.215,1.48,0.282,1.447,2.324,0.518,0.619,6.526,9.198,4.374,2.18,1.255,2.426,0.73,1.089,0.779,3.387,4.246,4.097,3.1,3.166,1.782,0.088,0.114,6.208,2.605,2.603,3.031
"1894-03",1.425,1.875,1.064,2.95,1.681,3.536,1.566,0.458,0.786,7.507,6.126,8.416,9.665,2.481,4.118,3.11,3.047,2.779,1.958,1.645,0.032,0.553,4.625,0.879,4.034,1.857,3.421,7.231,1.079,1.398,1.024,1.479,1.111,0.473,1.465,2.148,0.163,0.675,7.739,6.632,1.599,1.964,0.991,4.205,0.944,1.765,0.585,2.619,5.206,3.886,2.393,4.233,1.992,0.088,0.124,5.313,3.849,2.867,3.017
"1894-04",1.115,1.259,1.162,3.81,3.617,3.362,1.372,0.94,0.824,7.963,7.667,5.88,4.667,3.128,1.923,2.718,2.217,3.05,2.104,1.372,0.116,1.795,5.464,2.937,6.192,0.218,2.194,3.662,0.903,1.767,1.444,1.984,1.709,1.228,2.363,3.163,0.293,0.81,6.489,4.303,0.839,0.905,1.695,3.316,0.887,2.011,0.627,2.359,5.515,3.633,1.909,6.32,2.274,0.056,0.09,5.414,3.125,3.14,2.938
"1894-05",1.257,1.554,1.239,3.134,4.074,4.47,1.236,2.994,1.856,7.38,7.656,2.322,1.091,3.312,1.281,2.856,1.418,3.537,2.205,1.415,0.215,4.061,4.483,3.882,4.521,0.885,1.248,1.905,0.768,1.671,2.161,1.714,1.111,1.05,2.404,4.035,0.263,0.811,5.475,2.639,0.16,0.93,1.053,3.597,0.812,1.584,0.638,3.176,4.946,3.831,1.73,8.437,2.426,0.113,0.303,6.628,2.027,3.029,2.938
"1894-06",1.376,2.071,1.762,3.347,4.964,3.517,2.211,7.544,3.946,5.098,9.177,0.977,0.211,3.018,1.262,2.639,1.97,2.568,2.008,1.495,0.383,7.315,3.529,2.825,1.538,0.894,0.956,1.295,1.272,1.758,3.076,2.16,1.212,1.128,3.843,5.508,0.155,2.943,6.201,0.351,1.218,1.98,3.153,3.018,0.76,1.198,1.046,3.574,4.403,3.248,1.644,6.915,2.381,3.356,4.012,6.633,2.067,3.147,3.039
"1894-07",1.24,2.413,2.154,2.299,3.832,4.091,3.386,10.214,2.347,6.177,7.539,0.568,0.468,3.025,2.271,2.31,2.075,3.201,2.198,0.954,0.176,6.596,2.241,2.55,0.818,0.387,0.947,2.131,1.987,1.704,3.156,2.383,0.361,1.07,6.051,7.227,0.023,6.409,7.623,0.131,0.237,0.707,2.498,4.202,0.778,1.483,1.224,4.571,4.773,2.871,2.153,3.076,2.246,4.424,9.714,5.018,1.01,3.122,3.127
"1894-08",1.868,2.702,2.437,1.541,3.47,4.347,2.806,7.47,3.284,3.93,5.71,0.48,0.415,2.703,1.216,2.902,2.204,2.562,2.039,0.275,0.234,7.254,3.547,2.586,0.844,0.54,0.353,0.555,1.99,1.452,2.871,2.7,0.151,0.833,5.261,5.925,0.022,7.253,6.885,0.086,0.13,0.469,2.815,3.612,0.783,0.978,1.23,5.322,4.7,2.98,2.785,1.68,1.739,3.628,7.966,2.937,1.009,3.024,3.02
"1894-09",2.838,3.168,2.804,2.025,2.799,3.854,4.099,8.946,4.973,7.247,4.557,0.976,2.865,2.205,2.867,2.47,2.101,2.002,1.892,1.048,0.108,4.233,3.724,2.343,1.245,0.672,0.541,0.605,1.771,1.658,1.658,2.849,0.264,0.476,2.905,3.838,0.03,3.456,5.797,0.113,0.147,0.796,1.853,2.667,0.699,1.365,1.275,6.224,4.856,2.532,3.162,1.473,2.464,1.334,6.816,3.592,1.052,2.792,3.004
"1894-10",2.537,2.703,1.88,2.81,1.843,4.765,2.28,8.089,2.769,7.976,3.891,0.837,7.601,2.81,3.567,2.742,3.325,1.848,1.936,2.071,0.24,3.77,5.873,6.528,6.567,0.46,1.39,1.688,1.432,2.038,1.428,3.316,1.513,0.455,1.361,1.577,1.351,1.17,4.243,0.067,0.117,0.725,1.514,3.292,0.608,1.272,1.092,5.3,4.609,2.496,3.612,1.62,2.27,1.908,7.754,4.534,1.234,2.487,2.914
"1894-11",2.688,2.75,1.599,2.119,2.314,4.62,2.532,3.307,1.734,8.559,5.737,2.916,9.173,1.415,4.281,2.308,3.124,2.892,2.088,2.499,0.076,1.565,5.683,2.146,9.944,1.497,4.728,4.472,0.783,1.439,1.012,2.543,2.297,0.514,0.922,1.581,0.241,2.362,5.365,0.414,0.876,1.446,0.967,2.307,0.566,1.043,0.769,4.646,5.769,2.393,3.44,3.849,2.01,2.919,6.808,4.92,1.236,2.56,2.982
"1894-12",2.179,2.528,1.246,3.835,1.623,4.679,1.907,1.306,1.765,7.577,5.902,3.788,11.373,1.77,5.264,2.652,2.345,1.373,1.302,2.762,0.136,0.338,4.112,2.921,8.64,2.364,6.565,6.429,0.826,1.184,0.365,1.511,1.777,0.472,1.76,3.306,0.612,0.679,6.698,2.341,1.095,1.428,1.258,3.262,0.666,0.756,0.773,3.313,7.512,2.354,3.296,5.122,1.93,2.22,2.654,6.725,1.828,2.194,3.023
"1895-01",2.187,1.471,0.888,5.731,1.365,4.309,1.482,0.812,1.739,7.316,3.701,5.605,11.566,2.52,4.868,3.188,3.272,2.274,1.836,1.577,0.041,0.007,2.893,1.58,9.866,3.265,7.456,5.749,0.566,1.202,0.619,1.381,1.78,0.194,0.663,2.421,0.459,0.385,6.083,4.34,0.708,0.629,1.014,2.064,0.692,1.082,0.858,2.667,9.107,2.893,3.263,3.93,1.815,0.379,0.452,8.156,1.705,2.54,3.041
"1895-02",2.06,1.404,0.886,4.713,1.631,4.446,2.807,0.739,1.702,7.327,3.244,6.569,13.18,2.573,4.977,2.942,3.573,1.896,2.085,1.127,0.046,0.004,2.775,0.698,6.114,4.359,5.808,8.979,0.787,1.337,0.399,1.228,1.538,0.4,1.59,2.335,0.618,0.76,5.086,9.813,3.131,4.793,1.015,2.258,0.837,1.627,0.637,2.601,7.109,3.422,2.653,2.986,2.317,0.145,0.224,6.17,3.704,2.554,3.049
"1895-03",2.018,1.424,1.172,4.868,2.161,3.19,1.791,0.392,0.771,9.153,5.227,6.469,9.923,1.153,4.244,2.159,2.865,1.486,1.646,1.382,0.043,0.131,4.473,0.504,4.641,2.254,3.012,4.252,0.745,1.081,0.583,1.099,1.587,0.628,2.234,2.733,0.099,0.884,6.365,7.17,1.028,1.986,1.08,3.137,0.911,1.58,0.866,2.112,6.995,3.668,2.367,3.314,2.563,0.043,0.175,5.802,3.155,2.861,2.943
"1895-04",1.932,1.502,0.915,2.774,3.12,4.233,0.889,0.544,0.568,8.028,7.458,6.998,5.033,3.698,2.552,2.931,2.535,1.68,1.999,1.397,0.134,1.87,5.506,2.644,3.22,0.332,1.025,2.828,1.16,1.844,0.842,1.348,2.414,1.119,2.156,3.478,0.413,0.687,7.101,1.745,0.779,1.74,2.044,2.461,1.025,1.83,0.602,1.817,7.051,3.479,2.051,6.548,2.432,0.046,0.153,6.525,3.575,2.954,2.97
"1895-05",1.448,1.071,1.555,3.103,3.345,3.756,1.235,2.213,2.08,7.919,8.943,2.627,1.84,3.384,2.954,1.924,2.01,3.202,2.661,0.763,0.204,3.156,4.022,3.864,4.205,0.388,1.226,0.84,1.008,2.57,1.861,2.106,1.673,1.435,2.668,3.505,0.888,0.831,7.053,1.269,1.176,2.308,1.908,3.728,0.668,1.881,0.585,2.344,6.944,3.229,1.649,5.398,2.8,0.276,2.943,7.117,2.142,3.162,2.96
"1895-06",1.731,1.839,1.776,2.654,5.066,3.225,1.68,9.339,4.946,6.318,8.825,0.785,0.615,4.163,1.154,2.54,1.756,3.112,1.845,1.34,0.361,7.194,3.414,2.29,1.645,0.384,1.042,1.104,1.53,1.591,2.795,2.159,1.182,1.1,3.197,5.206,0.258,1.978,8.291,0.98,1.547,4.375,2.895,3.068,0.809,1.332,0.864,3.121,5.805,3.065,2.329,3.716,2.838,2.067,3.833,8.629,1.278,3.169,3.118
"1895-07",1.404,2.787,2.515,1.932,3.531,4.082,2.33,9.886,3.923,4.589,4.922,0.545,0.825,3.867,2.664,2.399,2.599,2.498,2.131,0.923,0.709,6.76,2.859,2.387,0.545,0.731,1.105,1.251,1.992,2.078,2.764,2.422,0.553,1.258,4.645,6.14,0.014,4.207,8.104,0.259,0.114,1.015,2.577,4.001,0.937,1.249,0.952,4.866,5.335,3.26,2.544,1.4,2.401,1.904,3.5,3.585,1.193,2.898,3.106
"1895-08",1.936,2.821,2.75,1.636,3.194,4.302,3.365,9.401,3.548,5.541,4.686,0.727,1.285,4.348,3.397,2.457,2.701,2.782,1.567,0.585,0.413,6.735,3.085,1.901,0.678,0.745,0.502,1.021,1.933,1.66,2.635,2.773,0.194,0.748,4.942,5.679,0.03,4.211,6.794,0.19,0.274,1.009,1.796,3.246,0.841,1.478,1.278,5.331,4.602,2.727,3.395,1.274,1.913,1.555,5.585,6.217,0.996,2.725,3.048
"1895-09",2.335,3.188,2.419,2.289,3.007,3.135,3.279,8.921,3.865,8.92,3.999,1.727,4.792,2.532,3.558,2.558,2.571,2.25,1.624,1.149,0.086,5.476,4.754,1.742,1.616,0.508,0.911,1.016,1.89,1.396,2.199,2.599,0.147,0.424,3.075,3.878,0.081,3.117,6.964,0.065,0.103,0.782,1.645,3.261,0.714,1.262,1.222,5.604,4.464,2.28,3.759,1.023,2.402,0.462,5.141,4.291,1.063,2.783,2.981
"1895-10",2.006,2.762,2.023,2.284,2.74,4.468,3.507,7.616,2.977,9.437,4.978,1.266,5.715,1.395,3.621,2.26,2.996,3.295,1.388,1.601,0.095,3.073,5.547,5.253,5.242,0.779,1.479,1.423,1.742,1.161,1.538,2.999,0.732,0.358,1.494,1.533,0.257,1.945,4.765,0.298,0.302,0.314,1.346,2.824,0.526,1.129,1.033,5.2,4.977,2.229,3.671,1.47,2.184,3.428,6.664,7.966,1.198,2.508,2.938
"1895-11",2.15,1.974,1.8,4.322,1.546,3.937,1.896,5.258,4.252,8.637,6.587,3.011,9.765,1.713,3.405,2.299,2.803,2.925,1.789,2.788,0.082,1.318,6.129,2.558,9.113,1.757,2.805,2.811,0.983,1.78,0.968,2.829,1.77,0.588,0.491,2.808,0.331,0.937,6.459,0.448,0.534,1.077,0.975,2.485,0.529,0.886,0.953,4.378,5.139,2.349,3.936,3.01,2.022,3.495,8.056,7.008,1.054,2.45,2.991
"1895-12",2.096,2.053,1.121,4.909,1.578,3.575,1.581,2.287,1.566,6.741,6.625,7.263,11.542,2.154,3.532,2.623,3.058,2.47,1.686,2.114,0.041,0.079,4.388,1.362,11.34,2.477,3.247,2.738,0.657,1.302,0.588,1.716,2.747,0.441,0.947,2.367,0.184,0.281,5.077,0.65,0.861,1.031,1.124,3.257,0.629,0.855,0.639,3.722,7.159,2.749,3.535,3.772,2.101,1.249,1.352,8.888,1.101,2.401,2.981
"1896-01",1.792,2.513,0.943,3.542,1.513,2.755,1.843,1.688,1.229,5.526,5.675,6.716,13.59,1.962,4.799,2.896,4.109,2.293,1.921,1.647,0.03,0.011,3.81,1.076,8.639,3.268,5.941,4.732,0.866,1.158,0.411,1.111,1.194,0.342,1.6,2.496,0.451,0.512,6.599,3.036,0.771,0.996,1.366,3.54,0.651,0.901,0.754,3.03,8.13,2.632,3.508,3.715,1.881,0.15,0.075,8.129,1.356,2.447,3.002
"1896-02",2.29,1.647,1.145,5.166,2.949,3.595,2.84,1.258,0.976,5.724,6.74,6.839,12.756,1.979,3.854,2.869,2.824,0.973,1.426,1.317,0.116,0.07,2.943,1.209,7.882,2.643,7.354,8.175,0.696,1.748,0.554,1.072,2.082,0.297,1.452,2.496,0.583,0.571,6.346,7.315,0.826,1.233,1.276,3.345,0.897,1.594,0.791,2.615,6.618,3.362,2.919,3.415,2.409,0.108,0.137,6.651,1.781,2.772,3.025
"1896-03",2.164,1.437,0.895,2.921,2.599,4.181,1.839,0.963,0.828,7.084,4.431,8.989,11.658,2.277,3.144,3.489,2.384,1.457,1.709,1.269,0.067,0.452,4.476,1.75,5.942,3.005,5.693,7.667,0.627,1.364,0.611,1.198,2.009,0.5,2.013,2.688,0.364,0.732,5.275,6.304,0.423,0.268,0.666,1.743,1.07,1.714,0.742,2.563,6.334,3.893,2.744,3.809,2.47,0.057,0.053,7.103,2.472,2.888,3.008
"1896-04",1.684,1.488,1.353,3.362,2.963,4.568,0.537,1.117,1.458,8.573,8.07,5.303,4.963,2.634,2.691,2.933,1.881,1.901,1.577,1.352,0.082,1.801,5.344,1.26,4.429,1.806,3.903,4.053,0.778,1.322,1.081,1.352,2.491,0.997,2.167,3.005,0.428,0.75,8.132,0.9,0.102,0.846,1.482,3.663,1.091,1.815,0.574,2.037,6.262,3.559,1.944,7.236,2.108,0.008,0.462,6.282,2.428,3.119,2.967
"1896-05",1.065,1.847,1.299,2.888,4.505,3.079,2.409,4.822,2.526,8.006,9.116,2.354,1.117,2.145,1.388,3.24,1.816,3.186,2.424,1.342,0.271,4.63,5.041,3.373,3.636,0.604,0.983,2.445,0.939,1.998,1.672,1.79,2.212,1.234,2.526,4.444,0.337,0.703,6.458,0.416,0.547,1.257,2.398,3.603,0.876,1.143,0.444,3.177,5.184,3.462,1.84,8.258,2.341,0.029,4.846,8.117,2.167,3.226,3.053
"1896-06",1.402,1.859,1.834,2.576,4.113,3.79,3.543,11.659,4.515,5.342,7.244,1.066,0.457,4.619,1.44,3.153,1.899,2.734,2.585,1.01,0.539,6.949,4.462,4.335,2.552,0.452,0.641,0.932,1.524,2.51,2.606,1.898,1.062,1.364,4.563,5.91,0.619,2.227,5.907,0.244,0.286,0.708,2.34,4.035,0.98,0.952,0.916,3.972,3.755,3.385,1.641,7.496,2.034,3.645,2.119,7.532,1.509,3.131,3.077
"1896-07",2.059,2.535,2.274,2.514,3.827,4.25,3.159,11.625,4.486,3.835,7.967,0.653,0.355,2.23,1.233,2.922,2.321,3.401,1.796,0.52,0.344,7.523,2.69,2.805,2.105,0.308,0.665,0.735,1.895,2.219,3.144,2.608,0.507,0.804,6.173,6.062,0.032,6.365,6.883,0.266,0.258,1.668,2.026,3.396,0.629,1.632,1.247,4.582,3.835,2.866,2.543,4.124,2.203,5.406,7.76,7.205,0.953,3.046,3.113
"1896-08",2.625,2.629,2.301,2.026,3.14,4.106,3.309,10.114,3.795,5.845,6.207,0.381,0.549,2.376,1.642,2.483,2.282,2.844,2.338,0.231,0.139,7.422,3.64,2.581,0.921,0.411,0.453,0.592,1.95,1.821,2.673,3.616,0.275,1.091,5.464,6.692,0.072,6.498,6.951,0.069,0.104,0.646,2.622,3.698,0.773,1.51,1.319,5.526,3.254,2.829,3.044,2.203,2.104,3.027,8.079,5.258,1.166,2.828,3.083
"1896-09",2.762,3.294,2.268,1.534,1.632,4.409,3.831,10.206,3.47,6.835,5.999,0.503,2.506,1.296,2.593,1.814,2.248,2.479,1.942,1.084,0.071,4.664,4.488,2.282,1.681,0.403,1.366,0.741,1.731,1.3,2.122,2.413,0.173,0.507,2.637,3.54,0.038,4.866,5.872,0.062,0.069,0.66,1.716,3.867,0.628,1.678,1.161,6.273,2.633,2.725,3.451,2.046,2.047,1.691,10.074,5.353,0.866,2.743,2.962
"1896-10",2.012,2.803,2.222,1.771,2.797,5.029,2.154,9.147,4.699,8.604,7.08,1.638,7.792,2.817,2.875,2.664,3.222,2.047,1.796,1.583,0.105,4.082,6.024,5.656,6.17,0.932,1.463,1.652,1.126,1.857,1.191,2.718,2.337,0.628,1.509,1.714,0.282,1.777,5.477,0.272,0.381,1.158,1.686,3.097,0.574,1.271,0.848,5.193,3.455,2.32,3.549,2.309,1.975,2.639,8.469,6.29,1.121,2.305,2.922
"1896-11",1.838,2.141,1.582,3.774,1.711,4.065,1.283,4.188,1.626,7.93,7.189,2.699,11.179,2.403,4,2.578,3.575,2.16,2.413,1.382,0.076,0.79,5.41,4.582,10.098,1.325,3.047,2.384,0.967,1.463,0.694,2.553,2.285,0.955,1.661,2.783,0.815,0.938,5.826,0.457,0.228,0.417,1.633,3.036,0.531,0.96,0.914,4.843,4.85,2.742,3.38,3.873,2.301,1.105,2.635,6.305,0.861,2.189,2.956
"1896-12",2.396,1.754,1.302,5.31,1.674,3.231,2.194,1.971,1.505,6.162,7.207,5.724,11.989,2.205,4.262,3.083,3.557,2.155,1.743,2.351,0.037,0.176,4.93,1.571,11.385,3.283,4.549,4.016,0.887,1.107,0.509,1.985,1.806,0.315,1.259,2.102,0.186,0.551,7.548,1.122,0.327,1.052,1.376,3.066,0.587,0.823,0.913,4.444,4.532,2.803,3.217,4.48,1.843,0.765,1.036,9.237,1.197,2.311,3.009
"1897-01",1.985,2.147,1.043,3.123,0.97,2.743,1.59,1.403,1.12,4.08,4.289,11.849,15.188,2.292,2.799,3.183,4.008,2.435,2.063,1.61,0.08,0.04,3.731,0.673,10.349,4.065,7.275,6.027,0.844,1.538,0.598,1.454,1.38,0.244,1.324,2.021,0.542,0.684,8.125,5.507,0.795,0.894,1.073,2.242,0.526,1.183,0.645,3.348,5.219,3.204,3.038,4.374,1.798,0.392,0.222,8.74,1.595,2.504,3.026
"1897-02",2.203,1.603,1.108,4.324,1.657,3.216,1.618,0.502,1.092,4.704,3.65,12.008,12.823,2.7,2.771,3.068,2.639,2.521,1.83,1.742,0.043,0.041,3.017,0.468,4.67,2.605,7.045,8.656,0.671,1.626,0.654,1.151,2.054,0.261,1.678,1.606,0.114,0.796,7.443,7.427,1.55,1.701,1.182,2.595,0.763,1.199,0.623,3.1,4.922,3.347,2.835,4.453,1.911,0.124,0.143,6.347,3.354,2.669,2.978
"1897-03",1.606,1.335,1.132,4.73,2.565,3.867,1.314,0.472,0.772,6.259,4.594,8.909,10.51,2.088,3.853,2.726,2.64,2.817,1.965,1.33,0.025,0.478,4.278,1.91,4.804,2.73,5.551,8.886,0.687,1.174,0.737,1.727,2.18,0.501,1.868,2.338,0.24,1.161,6.032,6.746,2.129,1.222,1.8,2.178,1.024,1.209,0.486,2.796,4.854,3.91,2.516,4.937,2.18,0.138,0.18,5.053,3.026,3.097,3.003
"1897-04",0.905,1.353,1.424,2.571,3.223,3.977,0.646,1.035,0.954,6.998,7.455,5.996,5.162,1.987,2.103,2.972,3.348,2.878,1.694,0.935,0.091,1.356,5.531,2.028,5.145,1.232,2.788,4.012,1.055,1.321,1.355,1.515,2.01,0.602,2.515,2.207,0.147,0.746,6.446,1.969,0.258,1.911,1.207,2.973,1.04,1.596,0.491,2.541,5.604,3.885,1.853,6.964,2.093,0.045,0.142,5.491,3.292,2.904,2.901
"1897-05",1.464,1.651,1.486,2.372,3.41,3.659,2.05,2.317,1.145,7.477,8.653,3.377,1.319,4.482,1.363,3.132,1.996,2.786,2.062,0.789,0.164,2.955,3.749,2.813,4.539,0.328,1.176,2.709,0.903,2.108,1.765,2.287,2.341,1,3.066,3.961,0.412,1.123,6.126,0.939,0.287,1.218,1.31,3.069,0.788,1.843,0.418,3.402,4.296,3.802,1.657,7.497,2.196,0.29,0.682,10.411,2.062,3.159,2.982
"1897-06",1.926,2.134,1.722,2.644,3.797,4.138,2.693,6.651,1.891,7.095,8.769,0.749,0.836,3.2,2.294,2.763,1.795,2.627,3.482,0.637,0.089,5.194,2.689,1.905,1.303,0.539,1.036,1.221,1.261,1.376,2.353,2.526,1.248,1.845,3.305,5.534,0.019,2.791,7.609,0.47,0.543,2.917,2.85,3.572,0.956,1.533,0.777,4.51,3.483,3.409,1.712,4.985,2.533,2.915,5.844,8.547,1.515,2.973,3.072
"1897-07",1.958,2.288,1.901,1.642,3.746,4.258,4.602,8.847,3.63,4.458,6.466,0.785,0.532,2.184,1.659,2.633,2.24,2.442,2.848,0.411,0.331,7.966,2.682,2.727,0.963,0.639,0.595,0.79,1.939,1.954,2.763,2.954,0.372,1.129,6.191,6.478,0.054,5.316,7.809,0.526,0.928,4.777,2.697,3.867,0.732,1.458,0.903,4.814,3.227,3.09,2.672,1.725,2.255,2.391,5.745,7.72,1.315,3.012,3.097
"1897-08",1.745,2.828,2.589,1.387,3.232,4.354,3.274,8.789,3.583,4.684,5.069,0.615,0.794,1.267,1.434,2.229,2.58,2.379,2.23,0.498,0.147,6.626,3.131,2.514,0.683,0.606,0.998,0.885,1.898,1.895,2.815,2.949,0.151,1.343,5.497,6.131,0.01,6.002,8.025,0.345,0.635,2.62,1.949,2.92,0.876,1.725,1.466,5.948,2.336,2.881,2.813,1.326,2.384,1.941,6.564,4.974,1.057,2.779,3.013
"1897-09",2.052,2.804,2.415,1.658,2.009,3.308,3.737,8.231,4.589,7.94,4.911,0.404,3.106,2.849,2.426,2.145,3.455,2.7,2.224,0.46,0.087,4.506,4.456,1.716,0.916,0.261,0.672,0.767,1.763,1.472,1.739,2.389,0.23,0.597,2.509,3.511,0.04,3.741,8.448,0.086,0.041,0.481,2.01,4.195,0.718,1.517,1.177,5.967,3.107,2.689,3.833,1.603,1.939,0.933,7.221,5.878,0.876,2.502,2.971
"1897-10",2.234,2.826,2.215,1.594,1.655,3.265,4.096,7.365,4.486,9.623,4.447,0.586,6.152,2.087,3.749,2.281,3.008,3.298,2.219,1.787,0.287,3.638,5.442,3.779,4.811,0.859,0.8,0.819,1.234,1.446,1.501,2.887,0.686,0.31,1.238,2.14,0.14,0.949,7.172,0.175,0.264,1.289,1.734,3.474,0.669,1.399,0.897,5.256,3.258,2.351,4.375,2.108,2.046,2.09,3.31,8.465,0.964,2.503,2.948
"1897-11",1.694,2.328,1.744,4.434,2.127,4.181,2.892,4.705,2.805,9.958,7.219,1.071,9.38,2.201,5.102,2.292,3.815,2.48,1.162,2.283,0.017,1.06,5.702,1.874,7.779,3.084,1.708,0.8,1.119,1.804,1.228,2.137,1.032,0.283,0.798,1.912,0.249,0.758,7.529,0.61,0.511,2.39,0.908,2.093,0.56,1.199,0.92,4.895,4.46,2.424,3.112,3.914,1.978,2.912,4.917,9.563,0.608,2.372,2.996
"1897-12",2.528,2.332,1.003,3.697,1.757,4.11,3.851,1.806,0.93,7.499,5.799,5.621,11.874,2.235,4.541,2.507,2.292,1.537,1.213,2.784,0.067,0.206,5.795,1.021,11.155,3.033,4.052,3.317,0.887,1.044,0.456,1.681,2.16,0.584,2.221,2.15,0.516,0.575,6.645,1.837,0.457,2.539,0.818,2.209,0.631,0.907,0.965,3.607,5.88,2.742,3.322,4.577,1.952,0.286,0.873,9.788,1.1,2.383,2.986
"1898-01",2.869,1.882,0.876,4.504,2.167,3.016,3.041,1.164,1.161,5.82,4.711,10.266,13.039,1.755,3.818,2.622,2.153,0.807,1.68,2.14,0.053,0.079,3.591,0.421,7.354,3.495,8.024,7.087,0.665,1.305,0.511,1.542,1.488,0.32,1.598,2.095,0.168,0.532,7.968,4.597,0.65,1.251,1.091,2.286,0.56,1.14,0.732,3.26,5.73,3.019,3.065,3.992,2.013,0.295,0.521,8.274,2.002,2.557,3.009
"1898-02",1.299,1.716,1.12,4.202,2.423,3.597,2.261,0.705,0.773,6.356,3.833,9.556,12.612,2.714,2.918,3.049,3.595,2.747,1.684,1.314,0.028,0.048,2.831,0.926,5.464,3.27,7.338,8.708,0.672,0.706,0.428,1.497,1.719,0.419,1.59,2.681,0.366,0.855,6.219,8.069,1.368,0.587,1.411,2.312,0.852,1.09,0.759,2.494,6.369,3.648,2.988,3.035,2.409,0.161,0.104,6.349,3.195,2.642,3.02
"1898-03",1.585,1.326,1.324,4.95,1.975,3.457,1.654,0.891,0.565,5.406,4.463,9.422,12.419,3.4,4.07,3.125,3.109,2.912,1.824,1.325,0.057,0.223,4.836,2.116,6.629,2.708,3.558,2.981,0.798,0.802,0.646,1.711,1.813,0.381,2.548,2.879,0.262,1.364,6.769,3.556,0.169,1.201,0.852,2.395,0.898,1.559,0.782,2.282,5.64,4.103,2.422,3.37,2.237,0.092,0.173,6.843,2.352,2.943,2.955
"1898-04",2.19,1.031,1.441,4.56,2.632,4.192,1.664,1.115,0.873,8.277,6.741,8.773,5.614,2.267,1.772,2.531,1.775,1.725,1.121,1.69,0.14,1.588,5.831,2.587,6.67,0.489,1.256,2.754,0.993,1.087,1.138,1.266,2.84,1.426,2.07,2.953,0.276,0.752,6.147,1.858,0.079,0.332,1.686,2.868,0.758,1.424,0.969,2.167,5.98,3.771,1.668,6.618,2.312,0.233,0.191,7.314,2.491,3.246,2.93
"1898-05",1.76,1.522,1.471,3.505,3.661,4.431,1.401,2.921,2.047,7.574,7.517,3.708,2.085,4.281,1.977,3.016,1.615,2.107,2.147,1.223,0.239,3.543,4.574,2.398,3.922,0.468,0.731,1.07,1.392,2.165,1.736,2.21,2.908,1.062,2.525,3.673,0.621,0.78,8.114,0.238,0.256,0.562,1.891,4.586,0.937,1.792,0.782,2.841,5.081,3.541,1.587,8.699,2.303,0.204,2.585,6.603,2.162,3.035,2.996
"1898-06",1.124,1.801,2.126,3.239,4.293,4.425,2.355,6.655,1.859,5.502,7.876,1.976,0.602,3.721,1.712,2.175,2.255,2.492,1.678,0.998,0.22,4.712,3.04,1.879,1.42,0.521,0.688,0.911,1.465,1.852,2.757,2.505,1.293,1.15,2.617,5.857,0.053,1.981,7.108,0.238,0.566,1.175,2.779,2.548,0.94,1.201,0.893,3.893,4.222,3.485,1.7,8.609,2.053,2.321,1.408,7.594,1.674,3.151,3.043
"1898-07",1.743,2.788,2.172,1.81,3.244,5.139,6.695,11.193,3.531,5.371,6.893,0.436,0.306,5.523,1.622,2.766,1.569,2.788,2.343,1.461,0.546,8.926,2.796,2.115,1.645,0.294,0.24,0.481,1.684,1.57,2.892,3.105,0.507,0.996,5.254,5.019,0.024,3.17,7.056,0.232,0.056,0.794,1.933,3.886,0.792,1.17,0.906,4.6,4.719,3.138,2.443,4.365,2.121,1.769,2.52,5.964,1.12,2.798,3.093
"1898-08",1.656,2.527,2.008,2.003,2.761,4.021,3.856,10.533,2.743,6.072,6.512,0.442,0.48,2.391,2.485,2.185,2.9,2.705,2.323,0.514,0.199,7.491,4.141,2.601,1.023,0.37,0.49,0.531,1.933,1.365,3.154,2.911,0.426,0.631,5.192,5.451,0.033,6.661,7.144,0.127,0.066,0.849,1.095,2.449,0.567,1.379,1.285,5.498,4.413,2.912,3.09,2.393,1.705,3.499,9.833,3.66,0.809,3.023,3.083
"1898-09",2.471,3.057,2.353,2.122,2.448,3.503,4.761,8.915,4.077,8.248,5.848,0.417,1.4,1.927,2.478,1.943,2.407,2.114,1.47,1.368,0.318,6.659,5.068,2.561,2.326,0.367,0.393,0.476,2.125,1.057,1.823,3.327,0.273,0.779,2.715,3.278,0.099,4.139,5.773,0.162,0.332,1.924,1.19,2.636,0.699,1.36,1.549,5.913,3.729,2.52,4.113,2.102,2.07,2.613,8.02,3.931,0.821,2.705,2.983
"1898-10",2.323,2.741,2.076,2.235,2.762,2.865,3.991,7.293,5.183,9.233,5.873,0.641,4.36,1.622,3.449,2.034,2.95,2.415,0.876,2.309,0.299,5.569,6.48,4.166,6.979,0.826,0.903,0.671,1.795,1.102,1.501,2.811,1.388,0.481,1.375,1.801,0.157,3.972,5.195,0.071,0.038,0.274,1.367,2.612,0.561,1.537,1.196,5.549,3.605,2.626,3.573,2.584,1.805,5.493,8.573,4.27,1.062,2.621,2.959
"1898-11",2.571,2.792,1.577,1.956,1.075,4.023,1.7,4.688,3.452,9.778,8.266,1.401,7.007,1.671,3.06,2.503,2.501,2.15,2.042,2.203,0.106,1.383,6.293,2.975,8.159,2.303,4.059,4.159,0.998,1.671,0.912,2.835,1.496,0.686,0.441,2.074,0.164,1.375,5.206,0.163,0.303,1.552,1.581,2.8,0.552,1.404,0.842,5.399,4.885,2.414,3.288,5.079,1.732,5.948,7.764,4.579,1.293,2.307,2.989
"1898-12",1.614,1.855,1.05,5.129,2.071,4.728,1.258,1.715,1.343,6.816,5.922,5.587,12.615,1.727,4.706,2.584,2.905,3.066,1.851,2.508,0.03,0.15,4.737,2.549,10.861,3.141,5.347,4.825,0.652,1.085,0.511,1.694,1.785,0.378,0.488,2.466,0.112,0.688,6.791,1.654,0.441,0.665,1.139,2.395,0.529,1.098,0.767,3.825,6.752,2.689,3.401,4.275,1.907,2.49,1.874,6.358,1.364,2.252,3.007
"1899-01",1.89,2.114,0.978,2.702,1.769,3.204,2.606,0.687,0.879,5.033,3.856,7.914,14.634,1.636,4.852,2.627,2.854,2.728,1.79,2.173,0.031,0.003,3.521,0.983,9.356,3.151,6.455,7.005,0.703,1.492,0.509,1.091,1.803,0.282,0.788,2.162,0.319,0.288,5.141,5.404,0.619,0.991,0.912,3.076,0.6,0.869,0.638,3.021,8.702,3.062,3.319,4.242,1.843,0.322,0.608,7.446,1.604,2.482,3.033
"1899-02",1.153,1.551,0.767,4.54,1.58,2.634,2.192,0.731,0.91,5.702,3.5,10.227,12.801,1.706,2.545,2.396,3.435,3.497,1.888,1.79,0.018,0.011,3.142,0.976,8.122,4.106,7.404,7.53,0.468,1.58,0.801,1.974,2.152,0.298,0.79,2.169,0.166,0.433,5.467,7.665,1.383,3.519,1.052,2.623,0.785,1.369,0.591,2.861,5.933,3.481,3.083,3.454,2.367,0.244,0.292,7.615,2.594,2.638,3.001
"1899-03",1.742,2.005,1.228,3.274,1.996,2.284,2.717,0.775,0.976,6.744,4.482,8.216,10.692,1.766,2.512,3.078,2.379,3.288,1.633,1.72,0.029,0.253,3.375,1.54,6.046,3.225,4.526,4.176,0.555,0.979,0.745,0.991,1.7,0.711,2.046,3.767,0.311,0.945,5.43,4.064,0.726,1.778,1.178,2.754,0.835,1.662,0.756,2.401,6.133,4.184,2.315,3.529,2.708,0.125,0.03,6.769,3.668,2.852,2.99
"1899-04",1.155,1.914,1.241,2.822,2.846,2.991,1.98,0.732,0.478,7.877,7.164,5.372,5.826,1.697,2.186,2.617,2.166,2.901,2.648,1.436,0.1,1.541,6.398,3.077,5.653,1.653,3.189,2.029,0.708,1.718,1.41,1.85,1.823,0.886,2.168,3.684,0.535,0.435,6.525,0.917,0.115,0.541,1.583,2.374,0.994,1.345,0.6,2.111,6.718,3.73,1.949,5.682,1.853,0.124,0.211,6.954,3.022,3.245,2.959
"1899-05",1.618,1.63,1.223,2.565,3.932,4.483,2.118,3.419,1.593,6.769,7.793,2.711,1.14,2.023,1.909,2.321,1.378,3.184,2.364,1.247,0.281,3.682,4.883,3.473,5.258,0.674,1.261,1.234,0.917,1.939,1.735,2.65,2.008,1.126,3.396,4.183,0.258,1.005,6.661,0.481,0.352,1.44,1.49,2.282,0.778,1.473,0.683,2.882,5.84,3.295,1.618,7.765,2.008,0.202,1.482,10.325,2.137,3.254,3.009
"1899-06",1.37,1.655,1.816,2.485,4.164,3.698,2.141,8.596,4.506,6.285,8.193,0.627,0.669,4.897,2.153,2.053,1.384,3.486,3.299,1.032,0.327,6.71,3.11,1.901,1.668,0.883,1.102,1.64,1.34,1.64,2.198,2.847,1.213,1.162,4.007,5.714,0.053,2.412,6.846,0.38,0.713,1.838,2.689,3.11,0.707,1.776,0.613,3.72,4.359,3.395,1.932,5.382,2.689,2.608,6.255,9.06,1.201,3.152,3.086
"1899-07",1.275,2.795,2.248,1.882,3.07,4.645,3.489,10.374,3.961,5.183,7.003,0.545,0.396,3.993,1.843,2.587,2.634,2.987,2.306,0.637,0.285,8.207,2.692,2.397,1.225,0.659,0.932,0.919,1.988,1.519,3.067,2.825,0.452,1.304,6.378,6.812,0.018,5.648,6.544,0.14,0.222,1.569,2.967,4.514,0.951,1.12,0.717,4.492,3.773,3.057,2.563,3.03,2.411,2.78,6.633,6.707,1.366,3.035,3.112
"1899-08",1.714,2.613,2.331,1.402,3.606,4.233,4.33,10.022,3.488,5.645,5.067,0.455,0.612,2.466,2.904,2.103,2.863,2.055,1.925,0.338,0.144,6.597,2.952,2.498,0.983,0.269,0.905,1.584,2.349,1.269,2.058,3.811,0.265,0.948,6.168,6.109,0.01,6.49,7.149,0.117,0.314,1.171,2.628,3.657,0.765,1.233,1.04,5.096,3.02,2.728,3.211,1.773,2.247,2.692,9.435,7.877,1.08,2.766,3.041
"1899-09",1.786,3.587,2.282,1.462,2.486,4.48,4.106,8.041,3.76,8.219,5.17,0.463,2.994,1.43,2.93,2.348,3.582,1.214,2.026,0.705,0.272,5.965,4.424,2.225,1.455,0.39,0.613,0.568,1.714,1.951,1.881,3.149,0.275,0.791,2.783,3.952,0.021,3.344,7.443,0.088,0.065,0.406,1.688,3.299,0.521,0.908,1.015,5.701,2.98,2.677,3.749,1.381,1.709,0.581,5.027,6.682,0.767,2.834,2.954
"1899-10",1.714,2.606,2.767,1.589,2.053,3.567,2.615,8.446,4.758,8.622,4.952,1.019,5.447,1.403,2.726,2.837,3.385,2.874,2.438,1.377,0.163,2.675,5.257,2.187,3.905,1.102,0.975,1.164,1.292,1.444,1.359,2.765,0.571,0.442,1.472,2.429,0.013,2.301,6.727,0.063,0.149,1.278,1.389,3.036,0.732,1.057,1.161,5.376,2.973,2.586,4.363,1.786,1.956,1.839,9.508,8.305,0.893,2.689,2.948
"1899-11",2.562,2.187,1.837,3.417,1.674,3.081,1.558,4.976,2.966,8.493,7.477,3.077,10.115,1.868,3.858,2.436,3.472,2.583,2.477,2.101,0.142,1.082,5.039,3.027,8.971,2.08,3.118,1.67,1.199,2.384,1.038,2.342,1.041,0.363,0.82,2.298,0.604,0.512,5.885,0.305,0.268,1.47,1.157,2.396,0.617,1.044,0.707,5.153,3.841,2.677,3.43,3.614,1.818,2.99,1.347,10.56,1.02,2.307,2.989
"1899-12",2.105,2.627,1.254,3.628,2.317,4.427,2.859,1.616,1.105,5.489,6.446,6.219,12.956,2.255,4.664,2.85,4.159,1.949,1.9,1.844,0.063,0.15,5.413,0.567,11.052,3.257,4.781,4.851,1.18,1.129,0.597,1.742,1.64,0.153,1.512,1.811,0.135,0.544,7.215,1.323,0.596,0.768,0.735,1.851,0.533,0.856,0.81,4.42,4.748,2.853,2.902,5.415,1.686,0.537,0.558,9.714,1.224,2.202,2.999
"1900-01",2.248,1.863,0.843,3.727,1.855,3.349,2.552,1.229,0.71,5.725,6.4,8.587,11.804,1.933,4.646,2.581,2.949,2.353,1.589,1.794,0.053,0.046,3.496,0.596,7.036,3.875,6.721,6.845,0.737,1.136,0.449,1.8,1.788,0.195,1.2,2.08,0.056,0.243,8.585,5.238,1.361,0.91,1.083,1.955,0.633,1.193,0.755,3.657,4.574,3.199,3.207,4.852,1.777,0.22,0.15,7.997,1.782,2.514,3.019
"1900-02",2.208,1.927,1.008,2.469,1.173,3.766,0.662,0.83,1.339,7.149,6.012,6.178,11.74,2.455,4.202,2.741,3.048,2.573,1.356,2.087,0.013,0.062,3.26,0.284,5.111,3.547,7.536,10.032,0.522,0.742,0.378,1.252,1.738,0.517,2.143,1.956,0.014,1.184,7.718,6.91,1.414,1.769,1.334,2.009,0.799,1.167,0.676,2.775,4.806,4.058,2.769,3.605,1.665,0.18,0.419,6.711,2.375,2.742,2.985
"1900-03",2.015,1.956,0.927,1.62,1.372,3.326,0.904,0.677,0.603,6.693,4.51,8.013,11.106,2.017,3.427,2.409,1.968,1.778,1.239,2.201,0.009,0.499,4.285,1.076,5.048,2.835,2.37,8.744,0.916,1.104,0.759,1.002,1.664,0.746,1.754,2.484,0.015,0.705,7.666,4.014,0.306,0.598,1.16,3.696,0.936,1.435,0.729,2.387,5.073,3.691,2.385,4.426,2.151,0.286,0.472,7.856,2.76,2.902,2.898
"1900-04",2.251,1.826,1.484,2.201,2.557,2.759,1.685,0.955,0.728,8.076,8.724,5.783,6.386,1.94,2.117,2.886,1.296,0.936,0.857,1.839,0.09,1.559,5.86,2.604,3.763,0.888,1.299,3.35,0.961,1.046,1.019,2.031,3.041,1.651,2.761,3.76,0.553,0.694,7.183,1.018,1.084,1.495,2.022,2.408,1.102,1.309,0.848,2.338,5.116,3.671,1.932,7.432,2.124,0.05,0.363,6.356,2.678,3.23,2.93
"1900-05",1.289,1.543,1.207,2.432,3.184,3.189,1.645,3.652,1,7.3,8.846,2.996,1.355,3.064,1.778,3.094,1.733,2.119,1.837,1.594,0.251,4.012,4.945,4.045,4.935,0.475,0.917,2.674,1.216,1.975,1.568,1.951,1.795,1.609,2.476,4.146,0.183,0.731,7.934,0.82,0.08,1.209,1.829,4.288,0.888,0.827,0.675,3.284,3.521,3.741,1.994,6.665,1.943,0.567,2.013,7.099,2.219,3.139,2.938
"1900-06",1.427,1.918,1.645,2.903,4.388,4.297,1.724,7.309,3.159,5.794,9.627,1.191,0.826,2.587,1.519,2.791,1.749,3.198,2.651,0.666,0.073,4.202,3.108,1.903,1.12,0.636,1.349,1.287,1.237,1.775,2.86,2.81,0.652,1.066,3.953,5.582,0.047,3.085,8.001,0.858,1.874,2.372,3.14,4.148,0.897,0.938,0.832,3.948,3.144,3.35,1.719,5.558,2.743,2.918,6.997,6.691,1.855,2.962,3.017
"1900-07",1.34,2.533,2.468,1.497,2.145,3.687,3.693,8.667,3.544,4.904,6.853,0.777,0.66,2.531,1.911,3.066,2.578,2.717,2.37,0.413,0.093,5.354,1.932,2.528,0.698,0.569,0.796,0.885,1.916,1.809,3.298,3.621,0.382,1.293,6.071,6.914,0.017,6.309,7.295,0.415,0.754,1.898,2.759,3.864,0.753,1.38,1.049,5.374,2.957,3.312,2.451,2.459,2.186,2.025,7.228,6.184,1.336,2.796,3.077
"1900-08",1.822,2.332,2.227,1.995,3.69,4.224,3.629,8.443,3.598,5.199,5.202,0.545,0.557,3.011,1.158,2.685,2.769,2.771,2.319,0.441,0.244,6.953,3.66,2.952,0.925,0.471,0.533,0.598,2.09,1.546,2.914,2.354,0.169,0.946,5.665,5.989,0.132,6.976,9.063,0.392,0.45,1.438,1.781,3.557,0.707,1.437,1.184,5.227,2.663,2.926,2.85,1.29,2.192,2.866,9.942,4.507,1.057,2.849,3.013
"1900-09",2.353,3.121,2.719,1.773,2.39,3.396,5.419,6.65,3.877,7.553,4.401,0.725,2.463,3.605,2.296,2.686,2.929,2.704,2.475,0.412,0.112,5.171,4.921,1.768,1.147,0.645,0.648,0.662,1.76,1.212,2.162,3.313,0.268,0.405,3.381,4.439,0.026,4.333,9.002,0.119,0.251,1.276,1.917,3.229,0.706,1.287,1.201,5.715,2.486,2.742,3.219,1.22,1.945,1.052,4.547,4.895,0.846,2.548,2.922
"1900-10",2.416,2.715,2.248,4.087,2.648,2.92,2.361,8.247,4.264,9.185,5.9,1.87,6.451,2.244,2.888,2.684,2.719,1.991,1.071,1.352,0.018,2.872,5.091,2.077,3.599,1.144,1.023,0.908,1.204,1.652,1.197,2.878,0.783,0.459,0.867,3.058,0.102,1.309,6.93,0.227,0.43,1.653,1.71,3.039,0.63,1.358,0.936,5.436,3.067,2.671,3.875,1.988,1.961,2.102,6.702,7.511,0.915,2.589,2.94
"1900-11",1.986,2.113,1.498,4.124,2.266,3.593,1.257,4.339,2.478,8.142,6.344,2.652,10.657,1.978,3.667,2.798,3.72,2.735,1.958,1.675,0.034,0.942,5.208,1.845,5.304,2,2.802,1.968,1.216,1.366,0.969,2.42,1.051,0.423,0.445,2.192,0.07,0.61,9.006,0.715,0.496,1.029,1.32,2.648,0.563,1.091,0.803,4.964,3.246,2.68,3.618,2.781,1.746,2.539,5.658,9.084,0.973,2.388,2.951
"1900-12",1.947,2.133,1.196,2.585,1.723,3.433,2.867,1.985,1.779,6.296,5.697,4.364,11.045,2.371,4.738,2.82,3.42,2.783,1.411,3.009,0.022,0.17,4.189,0.14,6.156,3.267,4.503,3.415,0.343,1.347,0.56,1.875,1.688,0.29,1.569,1.988,0.127,0.61,8.176,1.072,0.313,1.443,1.324,2.593,0.545,0.937,0.748,4.275,4.675,2.851,3.483,3.767,1.878,0.51,1.716,10.926,0.921,2.341,2.965
"1950-01",1.894,1.791,1.027,5.476,1.97,4.189,1.765,0.845,0.973,4.532,3.955,8.639,13.237,2.143,4.347,3.494,3.152,2.41,2.139,2.208,0.069,0.01,3.691,0.462,6.743,3.152,6.33,5.722,0.623,1.054,0.314,1.723,2.133,0.538,0.663,2.429,0.203,0.255,7.952,1.924,0.575,1.562,1.016,3.114,0.707,0.75,0.731,3.128,6.755,3.025,3.147,3.876,1.966,0.458,0.686,9.951,1.428,2.492,3.026
"1950-02",2.003,2.106,0.969,4.948,1.701,3.373,1.518,0.718,1.044,6.29,5.324,8.705,13.658,1.829,3.606,2.471,3.422,2.132,1.705,1.362,0.04,0.007,2.942,0.444,5.18,3.506,7.194,4.695,0.868,0.552,0.367,1.098,2.197,0.471,1.478,2.809,0.258,0.314,6.826,4.229,0.815,1.869,1.179,2.019,0.868,1.365,0.877,2.619,6.439,3.598,2.676,4.29,1.67,0.117,0.183,6.661,2.819,2.727,2.981
"1950-03",2.239,2.177,1.253,3.225,1.325,2.166,1.371,0.528,0.7,7.604,5.152,7.358,10.758,1.923,3.148,2.695,2.012,1.092,1.892,1.372,0.044,0.56,2.999,1.325,4.112,2.627,7.409,6.674,0.822,1.522,0.583,0.964,1.947,0.554,1.353,2.004,0.15,0.484,7.918,6.568,0.594,1.181,1.063,2.267,0.978,1.545,0.908,2.705,5.923,3.581,2.607,2.599,2.429,0.083,0.08,6.29,3.089,2.875,2.964
"1950-04",1.754,1.477,1.304,3.022,2.733,3.516,1.644,1.001,0.953,7.759,7.746,5.289,4.374,1.645,1.965,2.731,1.706,1.38,2.281,1.652,0.113,1.634,6.244,3.474,4.65,0.966,2.404,3.904,0.949,2.039,1.128,1.651,2.163,0.648,1.916,2.517,0.338,0.547,7.169,4.345,0.068,0.868,0.799,2.363,1.101,1.16,0.712,2.173,6.267,3.549,2.131,7.46,1.877,0.085,0.22,5.821,3.05,3.186,2.95
"1950-05",1.124,1.385,1.07,3.271,4.289,3.247,0.981,3.347,1.96,7.692,7.263,2.741,2.615,3.269,1.839,3.045,1.75,3.208,1.818,1.443,0.26,4.543,4.869,4.955,6.782,0.299,0.774,1.01,1.163,1.665,1.806,2.266,2.114,0.808,3.787,3.497,0.401,1.197,6.759,0.734,0.799,1.864,1.825,3.911,0.777,1.513,0.707,2.916,4.981,3.57,1.964,7.225,1.897,0.121,0.373,10.159,1.626,3.226,3
"1950-06",1.253,2.047,1.674,2.204,4.395,4.132,2.289,9.082,4.325,5.152,7.058,0.603,0.437,4.367,2.201,2.637,2.124,3.117,2.214,1.294,0.826,7.656,4.053,2.885,1.06,0.674,0.734,0.94,1.266,2.384,2.592,2.251,1.096,1.188,4.129,5.268,0.103,1.509,5.832,0.696,0.665,0.885,2.936,3.659,0.962,1.327,0.721,4.307,4.184,3.303,1.935,6.312,1.849,2.259,2.958,7.333,1.874,3.154,3.073
"1950-07",1.321,2.73,2.181,1.446,2.83,5.039,2.628,10.784,5.473,4.159,5.257,0.432,0.307,4.662,2.035,2.791,2.125,3.266,1.964,0.815,0.437,8.139,3.187,2.693,0.642,0.444,0.863,1.289,2.114,2.034,2.391,2.975,0.427,1.016,6.242,6.67,0.067,5.147,7.481,0.508,1.26,1.346,2.335,4.323,0.905,1.149,0.957,4.408,3.516,2.902,2.981,2.614,2.51,4.529,5.592,5.969,1.601,2.656,3.066
"1950-08",1.872,2.914,2.615,1.559,2.691,3.632,3.247,9.763,6.765,5.22,4.822,0.602,0.897,2.741,2.252,2.619,2.616,2.375,1.718,0.493,0.164,6.364,2.836,2.273,0.67,0.401,0.546,1.905,1.632,2.376,2.886,2.846,0.16,0.821,4.575,5.355,0.02,5.736,8.234,0.09,0.146,0.591,2.264,2.948,1.013,1.44,0.96,5.284,3.031,2.997,3.702,1.622,1.904,1.449,8.864,4.465,1.229,2.726,3.021
"1950-09",2.339,2.771,3.003,1.453,2.202,4.067,3.289,9.696,4.588,8.078,4.602,0.521,3.567,3.063,3.256,2.88,3.023,2.945,1.998,0.708,0.042,4.044,4.46,2.27,1.216,0.459,0.545,0.444,1.63,1.56,1.811,3.024,0.534,0.47,2.958,2.533,0.048,3.607,6.827,0.123,0.169,1.218,1.945,2.7,0.884,1.045,1.097,6.328,3.424,2.637,3.627,1.439,2.172,1.348,2.985,4.852,0.856,2.642,2.974
"1950-10",2.319,2.61,1.805,1.948,2.934,4.234,1.799,7.213,4.483,8.512,4.373,0.718,5.174,2.796,4.48,2.031,3.174,2.771,1.338,1.688,0.069,2.548,5.578,3.433,5.148,0.764,0.881,1.4,1.423,1.451,1.024,2.426,0.956,0.55,1.466,2.271,0.187,1.758,5.825,0.065,0.452,2.58,0.836,2.538,0.826,1.046,1.311,5.352,4.014,2.515,3.739,1.879,2.104,1.192,8.337,8.677,1.094,2.636,2.951
"1950-11",1.899,2.699,1.643,3.753,2.478,4.078,3.824,3.251,1.627,7.544,6.623,1.435,8.52,1.997,4.644,2.607,3.526,2.658,1.894,1.732,0.029,0.834,5.422,2.495,8.53,1.708,1.675,0.923,1.111,1.095,0.61,2.064,1.85,0.32,1.707,2.661,0.261,0.978,7.299,0.443,0.96,1.746,1.028,2.133,0.682,0.819,0.847,4.75,5.108,2.454,3.377,4.418,1.801,1.522,5.388,7.801,0.922,2.522,2.981
"1950-12",2.381,2.662,1.506,3.65,2.515,3.993,2.865,1.266,1.233,5.478,6.928,6.67,11.341,1.622,3.819,2.649,3.406,2.091,2.468,1.671,0.064,0.086,4.61,0.832,9.809,3.21,5.837,3.781,0.753,2.066,0.738,1.857,1.243,0.267,0.459,1.73,0.056,0.386,7.443,1.006,0.995,2.497,1.372,2.086,0.656,0.817,0.96,3.876,6.316,2.819,3.238,4.726,1.766,0.427,1.121,11.102,1.368,2.256,3.067
"1951-01",2.525,1.242,1.285,5.481,1.477,3.504,1.835,1.225,1.784,4.43,3.694,10.966,13.627,1.543,4.061,2.659,2.531,1.64,1.067,2.015,0.062,0.014,3.182,0.58,6.229,3.689,8.038,7.752,0.866,1.194,0.537,1.52,1.478,0.28,1.624,1.721,0.834,0.703,6.359,6.608,1.42,4.646,0.91,2.349,0.698,0.86,1.127,2.981,6.686,3.051,2.891,4.446,1.869,0.309,0.213,7.057,2.166,2.418,2.985
"1951-02",2.257,2.099,1.302,3.475,2.024,4.028,2.625,1.066,0.809,6.561,5.554,7.469,12.086,2.666,3.887,3.415,1.781,2.72,1.564,2.357,0.121,0.174,3.569,0.651,4.778,2.96,6.276,10.003,0.651,0.835,0.328,1.407,1.725,0.432,1.273,2.492,0.329,0.588,6.328,9.648,1.952,4.393,1.111,3.528,0.865,1.058,0.605,2.821,5.932,3.459,2.793,4.371,1.869,0.203,0.109,6.562,2.916,2.639,3.057
"1951-03",1.502,1.669,1.196,3.343,3.236,3.188,2.936,0.764,1.026,6.564,4.412,10.557,11.394,1.9,2.616,2.333,2.66,2.493,1.894,1.558,0.122,0.819,5.092,2.667,4.082,3.498,3.815,4.453,0.614,1.396,0.851,1.752,2.206,0.553,1.43,2.348,0.335,0.802,6.166,5.683,0.257,1.31,0.925,2.127,0.902,1.683,0.561,2.311,5.692,4.255,2.767,4.387,2.509,0.115,0.134,5.557,3.439,2.874,3.023
"1951-04",1.64,1.697,1.198,2.453,2.722,3.888,1.241,0.779,0.816,7.703,7.835,5.242,4.297,3.874,2.539,2.953,1.706,3.243,1.649,1.333,0.11,2.292,6.107,3.119,6.569,0.879,2.874,3.462,0.738,1.659,1.591,2.144,2.072,1.063,2.043,3.206,1.046,0.85,7.1,1.013,0.119,1.132,1.067,2.581,1.007,1.456,0.482,2.007,5.609,3.863,2.197,7.964,2.456,0.076,0.076,6.508,1.931,3.046,2.946
"1951-05",1.117,1.527,1.623,3.211,3.593,4.269,1.124,3.19,2.565,6.538,8.864,2.92,0.992,4.493,2.448,3.349,1.9,3.392,1.766,0.666,0.11,2.406,4.572,3.618,5.933,0.557,1.373,2.36,1.279,1.171,1.999,1.698,2.243,0.737,3.024,4.053,0.199,0.977,6.772,0.341,0.316,2.989,1.657,2.682,0.804,1.661,0.708,2.988,4.407,3.53,1.353,7.982,2.555,0.046,2.539,8.762,2.007,3.192,2.955
"1951-06",1.351,2.268,1.973,2.181,4.144,3.956,1.748,10.945,5.241,5.062,8.439,0.664,0.483,3.272,2.366,2.026,1.799,3.112,2.666,0.931,0.389,6.594,3.523,3.047,1.821,0.449,0.88,2.764,1.404,1.65,3.006,2.136,1.018,1.185,3.7,4.618,0.205,1.887,6.837,0.302,0.414,3.1,2.255,4.346,0.696,1.878,0.754,3.936,4.844,2.997,1.521,6.011,2.363,2.576,3.697,8.692,1.747,3.256,3.1
"1951-07",1.068,2.468,2.553,1.891,3.409,4.156,3.056,8.723,3.425,4.182,6.365,0.4,0.195,4.273,0.971,3.075,2.804,3.125,2.192,0.287,0.384,7.522,3.082,2.452,1.382,0.291,0.78,0.819,2.024,2.384,2.944,2.166,0.413,1.147,5.921,5.699,0.046,7.069,7.414,0.172,0.216,1.752,1.869,3.215,0.837,1.25,0.963,4.605,4.709,2.974,2.349,2.42,2.267,6.143,9.99,4.752,0.998,2.906,3.055
"1951-08",1.54,2.851,2.887,1.355,3.23,3.867,3.512,7.398,3.275,5.213,4.506,0.616,0.783,2.793,2.559,2.505,2.643,2.625,2.431,0.25,0.13,7.091,3.085,2.178,0.899,0.311,0.456,0.725,1.887,1.558,2.888,2.116,0.172,0.747,5.405,5.608,0.01,6.888,7.339,0.321,0.522,0.859,1.754,3.223,0.831,1.629,1.255,5.878,4.491,2.79,3.018,1.494,2.335,3.075,8.925,3.403,0.992,2.939,3.081
"1951-09",2.663,2.945,2.607,2.288,2.357,3.309,5.249,8.442,4.939,6.998,4.514,0.359,1.393,2.741,1.541,2.515,2.305,1.335,1.804,0.934,0.134,5.565,4.009,2.166,1.525,0.682,0.971,0.534,1.777,1.253,1.958,2.835,0.301,0.625,2.521,4.026,0.013,3.921,6.327,0.193,0.101,0.404,1.377,2.869,0.486,1.221,1.415,6.304,4.61,2.329,3.761,1.669,1.968,1.28,5.237,4.412,0.847,2.721,2.969
"1951-10",2.501,2.607,2.062,1.732,1.491,3.043,5.018,7.599,3.753,9.187,5.015,1.053,5.61,2.205,3.815,2.277,3.463,3.581,1.274,1.614,0.19,4.323,7.449,5.327,5.71,1.003,1.376,0.548,1.213,1.319,1.292,2.809,0.577,0.75,1.437,2.412,0.056,2.298,4.8,0.083,0.18,0.569,1.169,2.897,0.531,1.437,1.062,4.769,5.389,2.325,3.697,2.001,2.096,3.728,6.354,4.411,1.06,2.763,2.932
"1951-11",1.498,2.317,1.425,4.236,1.855,4.22,1.306,5.454,2.893,9.036,6.355,2.721,9.172,1.574,4.314,2.517,3.045,3.512,1.795,3.014,0.08,0.831,5.831,2.49,8.631,1.506,1.939,1.86,0.985,1.319,0.992,2.4,1.117,0.412,0.792,1.78,0.296,2.017,4.685,0.219,0.381,0.93,1.227,2.59,0.585,0.954,0.684,4.711,6.332,2.355,3.51,3.782,2.233,4.675,7.953,6.341,1.047,2.381,2.981
"1951-12",2.071,2.307,1.458,5.429,1.204,3.594,0.924,1.294,1.602,5.751,5.501,9.639,14.343,1.78,3.907,2.359,2.239,2.901,2.143,2.08,0.077,0.067,4.461,1.345,9.978,3.339,3.882,3.535,0.786,1.349,0.522,1.811,1.351,0.254,0.615,2.085,0.323,0.425,5.648,0.83,0.34,0.902,1.032,2.275,0.487,0.837,0.645,3.432,8.491,2.317,3.128,4.926,1.772,2.192,0.609,11.436,1.106,2.539,3.046
"1952-01",1.78,1.678,1.177,5.844,1.55,3.273,2.232,0.701,1.227,3.998,3.791,9.981,12.905,2.343,3.862,2.861,3.097,1.763,1.455,2.004,0.042,0.003,3.379,1.191,9.192,4.127,7.55,7.462,0.617,1.071,0.369,1.302,1.591,0.393,1.47,2.338,0.599,0.798,4.939,3.676,2.198,1.25,1.003,2.899,0.643,1.084,0.649,2.803,7.471,3.054,3.377,3.411,2.62,0.492,0.169,6.596,2.194,2.408,2.974
"1952-02",2.161,2.115,1.288,4.35,0.769,2.657,2.964,0.93,0.994,5.941,3.623,7.348,12.167,2.538,4.214,2.786,2.226,2.443,1.814,2.268,0.042,0.023,3.206,0.447,6.074,4.89,6.574,6.182,0.585,0.891,0.595,1.578,1.98,0.288,1.328,2.109,0.133,0.744,6.438,11.114,2.329,2.88,0.97,3.258,0.793,1.346,0.414,2.607,7.855,3.393,2.664,3.21,2.163,0.25,0.162,6.913,2.978,2.723,3.117
"1952-03",1.401,1.671,1.188,2.212,2.068,3.009,1.954,0.406,0.506,6.276,3.16,10.532,10.874,2.155,3.192,3.267,2.511,3.203,2.017,1.407,0.012,0.344,3.542,1.605,4.215,3.157,5.956,8.306,0.595,2.131,1.114,1.69,2.067,0.403,2.061,2.667,0.331,0.917,5.763,7.364,1.282,3.587,1.391,1.787,0.933,1.261,0.521,2.004,7.66,3.409,2.887,3.105,2.523,0.179,0.072,5.51,3.142,2.841,2.989
"1952-04",1.256,1.547,1.059,3.676,2.638,2.87,1.127,1.476,0.847,7.813,7.316,5.583,5.243,2.041,3.087,3.024,2.007,2.296,2.05,1.44,0.064,1.633,5.801,2.656,5.296,0.342,2.246,5.681,0.839,1.097,1.131,1.684,1.946,0.713,2.169,2.758,0.374,0.798,6.683,2.525,0.259,0.715,0.978,2.528,0.84,1.309,0.509,2.356,5.932,3.741,2.166,7.459,2.123,0.113,0.051,6.989,2.734,3.209,2.954
"1952-05",1.499,1.639,1.686,3.465,3.882,3.123,1.449,3.733,1.483,7.227,8.509,3.505,2.744,2.877,2.06,2.239,1.331,3.154,2.024,1.118,0.264,4.287,4.47,2.536,4.449,0.302,1.068,3.442,1.037,1.632,1.452,2.418,1.826,1.435,3.192,4.2,0.142,1.007,6.816,0.752,0.328,1.229,2.37,3.564,0.744,1.777,0.583,2.745,4.645,3.472,1.487,8.871,2.428,0.176,0.844,9.494,2.585,3.163,2.998
"1952-06",1.168,1.955,1.888,2.922,4.254,3.666,2.824,8.403,3.085,4.429,8.578,1.246,0.159,2.608,0.701,2.569,2.041,2.982,2.283,0.877,0.436,6.635,3.529,2.989,1.198,0.633,1.281,1.541,1.452,2.306,2.518,2.246,1.076,1.534,4.351,5.937,0.2,1.718,6.3,0.769,1.508,3.142,2.36,4.355,0.86,1.474,0.769,3.911,3.221,3.267,1.892,7.977,2.191,4.308,6.097,10.238,2.004,3.192,3.111
"1952-07",1.845,2.77,2.094,1.655,3.462,4.502,2.814,9.624,4.441,4.844,7.072,0.538,0.251,3.819,1.02,2.773,2.388,3.326,1.602,0.833,0.293,8.072,2.794,2.733,0.918,0.382,1.085,1.885,2.022,2.43,3.018,2.44,0.472,1.224,5.742,8.053,0.037,5.379,7.693,0.302,1.863,1.559,3.445,3.275,0.872,0.967,1.026,4.383,2.959,3.057,2.615,3.697,2.374,3.427,8.58,6.949,1.178,2.908,3.115
"1952-08",2.126,2.838,2.376,0.929,2.256,3.489,3.847,11.416,5.133,7.252,7.161,0.596,0.759,2.563,1.453,2.745,2.32,2.573,1.822,0.468,0.102,6.361,3.206,3.09,1.363,0.341,0.795,0.948,2.092,1.35,2.812,2.762,0.183,1.035,5.993,6.06,0.134,6.155,6.573,0.239,0.526,0.715,1.983,3.143,0.519,1.215,1.545,4.731,2.28,2.774,3.089,2.095,1.995,4.449,6.952,10.777,0.986,2.994,3.027
"1952-09",1.167,2.483,2.707,2.27,1.789,3.947,3.597,13.424,7.309,7.221,6.679,0.551,2.314,1.302,2.113,1.931,3.682,2.43,1.104,1.041,0.062,4.786,4.867,2.117,1.526,0.552,0.306,0.369,1.75,1.474,1.871,2.326,0.369,0.593,3.913,3.604,0.014,5.96,7.862,0.309,0.843,1.378,2.134,3.598,0.656,1.127,1.152,5.144,2.301,2.354,3.659,2.14,2.081,3.467,11.958,6.026,0.799,2.735,2.954
"1952-10",1.687,2.641,1.745,3.348,1.31,3.178,1.004,8.707,5.763,9.6,7.59,1.031,6.621,2.773,2.724,2.712,2.694,3.156,2.485,2.161,0.043,3.135,5.038,2.913,4.526,0.799,1.477,1.154,1.475,1.688,1.258,2.562,0.507,0.499,0.606,2.417,0.05,1.752,8.013,0.463,0.18,0.81,1.462,2.763,0.623,1.165,0.825,5.342,1.963,2.482,3.647,3.152,1.758,2.984,8.618,8.273,1.222,2.554,2.933
"1952-11",1.265,2.636,1.622,1.766,2.438,3.781,3.369,5.456,2.065,8.641,9.56,3.842,8.18,1.202,3.844,2.22,4.345,3.221,2.151,1.133,0.025,0.521,4.56,1.371,7.076,1.283,3.161,2.246,1.133,1.65,0.823,1.623,1.069,0.522,0.413,1.823,0.333,1.067,7.579,0.545,0.93,1.918,1.4,2.376,0.556,0.865,0.873,5.259,2.068,2.761,3.649,4.671,1.685,3.487,5.435,11.011,0.987,2.298,2.967
"1952-12",2.239,2.259,1.064,2.571,1.521,3.908,2.602,1.941,1.799,5.92,5.848,8.669,13.11,1.971,2.735,2.359,3.072,2.882,1.659,2.261,0.089,0.04,3.554,0.327,5.382,2.02,5.138,4.953,0.734,1.574,0.819,2.084,0.877,0.237,0.31,1.765,0.209,0.32,8.637,2.898,1.108,1.044,1.133,2.129,0.453,1.072,0.676,4.194,2.999,3.036,3.422,5.215,1.81,2.116,2.476,12.545,1.164,2.33,2.974
"1953-01",1.376,2.576,1.121,3.359,1.3,2.78,0.641,1.303,1.046,4.715,5.057,10.597,13.694,2.656,3.483,2.692,3.682,3.027,1.51,1.913,0.027,0.012,2.703,0.072,4.414,3.848,5.754,8.591,0.673,0.767,0.413,1.505,1.099,0.363,0.932,2.188,0.033,0.565,7.74,6.82,1.814,1.798,1.387,3.114,0.63,1.063,0.709,3.728,3.452,3.375,2.947,3.892,1.815,1.561,1.615,9.914,2.48,2.346,2.977
"1953-02",2.482,1.983,1.023,3.348,0.87,2.791,0.327,0.898,1.312,5.803,4.524,11.852,11.049,1.87,2.72,2.808,3.339,1.412,1.666,0.957,0.017,0.082,3.36,0.506,5.972,3.263,5.098,4.305,0.689,1.339,0.797,1.475,1.031,0.505,1.301,2.519,0.016,0.421,8.164,6.063,1.249,2.75,0.878,2.711,0.813,1.083,0.898,3.043,3.611,3.681,2.845,4.237,2.137,0.359,1.573,8.887,3.299,2.69,2.959
"1953-03",2.255,2.032,1.214,2.948,1.811,2.944,0.918,0.439,0.39,4.812,4.985,11.045,11.816,3.068,2.49,3.071,2.632,2.07,1.759,1.289,0.062,0.583,4.423,0.372,4.733,1.537,4.907,5.243,0.797,0.89,0.57,1.272,1.399,0.589,1.396,2.789,0.037,0.591,7.205,5.118,0.892,6.742,1.567,2.216,0.912,1.881,0.568,2.742,2.886,4.409,2.052,5.856,2.081,0.158,2.13,6.123,2.986,2.666,2.872
"1953-04",1.364,2.042,1.439,0.985,1.674,3.204,0.918,1.421,1.511,6.465,6.498,7.815,8.326,2.208,0.596,3.863,2.417,2.647,1.687,1.206,0.086,1.4,5.585,2.201,3.296,1.185,1.606,1.462,0.689,1.181,1.468,2.106,1.393,0.993,2.669,3.97,0.034,0.793,8.02,6.123,4.075,2.304,1.931,3.139,0.795,1.44,0.793,2.853,3.493,3.646,1.613,6.976,2.159,0.507,2.742,4.381,3.315,2.989,2.903
"1953-05",1.365,1.733,1.666,2.004,2.965,3.058,2.404,2.875,1.935,7.327,8.174,3.366,3.006,3.054,1.12,2.965,1.747,3.001,2.008,1.202,0.292,2.535,5.222,4.746,4.665,0.356,2.16,2.367,1.082,1.895,1.782,1.764,1.247,0.733,2.11,4.052,0.239,0.886,7.907,2.826,1.15,2.831,2.29,3.306,0.944,1.618,0.621,3.549,2.803,3.957,1.502,7.617,2.24,0.543,3.286,4.58,2.265,3.107,2.939
"1953-06",1.291,1.517,2.057,2.043,3.037,3.362,1.959,9.208,3.125,4.221,7.628,0.906,0.372,3.271,0.92,2.821,1.92,2.167,2.139,1.154,0.545,7.304,3.67,2.308,0.801,0.526,0.719,1.749,1.553,1.706,2.296,2.862,0.679,1.186,4.33,5.288,0.068,2.505,8.17,1.692,0.799,3,2.726,3.868,1.035,1.035,0.606,4.311,1.966,3.451,1.629,8.407,1.894,2.229,4.196,6.225,1.771,2.96,2.97
"1953-07",1.705,2.623,2.567,1.368,2.239,3.807,4.436,10.058,2.796,6.206,9.414,1.268,0.37,3.279,1.652,2.507,2.304,2.229,1.898,0.579,0.181,6.531,2.356,2.593,0.828,0.558,0.428,0.63,1.805,1.989,2.834,3.156,0.208,1.038,5.928,5.23,0.06,4.53,7.065,0.613,1.979,3.021,3.195,3.24,0.747,1.493,0.95,4.765,2.348,3.36,2.052,5.865,1.882,3.509,2.256,7.251,1.614,3.029,3.066
"1953-08",1.902,2.749,2.58,1.282,2.299,3.915,3.284,7.638,3.809,6.169,6.693,0.48,0.731,2.215,1.73,1.942,2.642,1.727,1.158,0.478,0.096,5.711,2.761,2.424,0.74,0.376,0.487,0.696,2.361,1.077,3.158,3.792,0.248,1.026,5.022,5.541,0.069,6.479,8.287,0.484,1.094,1.991,3.086,3.598,0.95,1.406,1.326,5.655,2.147,2.886,2.552,2.379,2.344,2.388,8.877,5.268,1.004,2.89,3.019
"1953-09",1.999,2.874,2.419,1.385,3.043,3.856,4.26,7.597,3.639,6.929,6.164,0.378,2.551,1.422,2.328,1.799,3.077,2.024,1.468,0.554,0.043,4.905,3.478,1.578,0.934,0.484,0.47,0.467,1.876,0.813,2.108,3.776,0.396,0.41,3.619,4.562,0.009,4.941,9.104,0.631,0.409,0.876,2.086,3.17,0.674,1.756,1.226,5.495,1.971,2.546,3.538,2.098,2.268,0.911,7.343,5.945,1.247,2.777,2.949
"1953-10",2.437,2.801,1.956,1.576,0.516,2.773,2.314,8.66,5.158,9.211,7.265,1.798,6.457,1.551,2.265,1.94,3.392,3.017,1.239,1.095,0.045,2.359,5.326,1.691,3.252,0.917,0.82,0.53,1.219,1.063,0.917,2.656,0.527,0.682,0.643,3.381,0.013,1.549,8.384,0.223,0.478,1.293,2.155,2.983,0.56,1.267,1.023,5.579,2.298,2.589,4.132,2.144,1.984,0.477,3.073,6.414,0.991,2.641,2.903
"1953-11",1.817,2.914,1.518,2.966,0.817,3.368,1.128,3.91,3.125,8.286,8.203,2.847,9.975,2.444,3.437,2.48,2.716,2.469,1.086,1.881,0.044,1.123,4.53,1.04,4.416,1.682,4.185,2.662,0.926,1.42,0.945,2.389,1.231,0.23,0.469,2.539,0.162,1.076,8.001,0.742,0.55,2.292,1.334,3.912,0.609,1.054,0.866,5.145,3.274,2.907,3.281,3.449,1.738,3.369,2.744,6.044,1.547,2.201,2.917
"1953-12",2.732,1.816,1.142,5.042,1.228,3.091,2.081,1.565,2.381,6.357,7.579,5.166,11.624,2,4.123,2.566,2.707,2.307,1.368,2.605,0.042,0.199,3.343,0.201,4.984,2.732,6.361,3.944,0.586,1.106,0.662,2.275,1.225,0.335,0.429,1.984,0.13,0.245,8.567,2.172,0.913,2.313,0.92,2.308,0.565,0.851,0.629,4.794,3.451,2.917,3.062,4.27,1.73,1.055,1.58,9.199,2.241,2.279,2.971
"1954-01",2.469,1.877,0.91,4.798,1.497,3.109,1.678,1.282,1.75,6.06,5.645,7.325,12.316,2.167,4.571,2.524,2.907,1.75,0.777,3.125,0.025,0.079,3.101,0.159,4.768,4.55,6.19,3.559,0.739,0.719,0.358,1.349,1.668,0.313,1.408,2.325,0.238,0.306,8.032,7.435,2.624,6.458,1.129,2.719,0.609,1.153,0.773,3.708,3.48,3.085,2.781,4.817,1.573,0.282,1.135,9.897,2.916,2.368,2.994
"1954-02",1.999,1.598,1.22,5.214,2.07,4.037,1.075,0.877,1.413,6.832,5.557,6.303,12.577,1.655,4.147,2.548,3.114,2.095,1.642,1.647,0.179,0.127,2.441,0.408,3.76,4.024,5.81,5.683,0.667,1.265,0.591,2.163,1.578,0.41,1.349,1.799,0.386,0.523,7.977,10.502,2.614,6.554,1.15,3.726,0.883,0.972,0.761,3.291,3.673,3.79,2.577,3.469,1.838,0.17,0.231,6.213,2.882,2.534,2.987
"1954-03",1.867,1.713,1.318,3.713,1.642,3.713,1.593,0.992,0.751,7.711,6.007,8.346,11.368,2.267,3.156,2.491,2.741,1.581,1.34,1.379,0.057,1.118,5.149,0.703,4.212,2.299,3.567,3.347,0.892,1.152,0.517,1.267,2.274,0.568,2.396,2.93,0.214,0.741,7.164,4.622,0.356,4.974,0.676,4.458,1.006,1.828,1.061,2.568,4.883,3.98,2.528,4.733,1.858,0.013,0.072,5.257,3.028,2.72,2.946
"1954-04",1.767,1.652,1.386,3.011,1.524,2.1,2.525,1.235,0.784,8.504,7.472,5.905,5.932,2.653,2.529,3.416,2.253,2.229,1.446,1.505,0.121,1.724,5.84,3.773,3.526,1.673,2.899,1.41,1.082,1.697,1.18,2.297,1.958,0.715,2.286,3.022,1.144,0.963,7.237,1.201,0.168,0.467,0.828,2.224,0.868,1.418,0.634,2.824,4.657,3.811,2.278,6.931,1.932,0.122,0.143,6.781,2.26,3.222,2.942
"1954-05",1.652,1.642,1.538,2.447,3.848,3.906,2.075,3.126,1.233,5.936,6.941,2.289,1.537,3.329,2.309,2.527,1.87,2.171,1.796,1.668,0.171,3.984,4.804,3.592,3.107,0.445,1.322,1.518,1.091,1.237,1.856,1.854,1.745,0.764,3.424,4.226,0.172,1.209,6.997,0.577,0.577,1.757,2.214,2.592,0.797,1.53,0.783,3.106,4.385,3.712,1.651,6.779,1.916,0.435,3.567,8.091,2.105,3.19,2.92
"1954-06",1.612,1.889,2.244,1.786,3.976,4.385,3.149,8.364,2.411,6.113,8.769,0.985,0.426,4.936,1.514,2.871,1.266,3.032,2.835,1.072,0.27,5.552,3.252,1.75,1.126,0.825,1.545,1.031,1.352,1.328,2.722,2.528,1.194,1.308,3.508,6.217,0.055,1.69,7.158,0.335,0.091,0.775,2.726,3.54,0.769,1.637,0.589,3.908,4.378,3.23,1.859,6.217,2.529,3.23,1.891,7.469,1.616,3.066,3.059
"1954-07",1.491,2.339,2.141,2.033,2.814,4.201,2.635,7.443,3.323,4.973,6.485,0.48,0.377,2.753,1.174,2.376,2.48,3.106,2.617,0.478,0.193,6.756,2.159,2.185,0.511,0.456,0.758,1.337,1.933,1.45,3.313,2.519,0.395,1.323,6.189,6.244,0.013,4.969,7.643,0.227,0.178,0.687,2.667,3.953,0.826,1.327,1.175,5.163,4.464,3.052,2.45,2.454,2.417,1.746,7.641,4.959,1.097,2.716,3.038
"1954-08",2.573,2.496,2.664,1.857,2.098,3.42,2.56,8.888,3.351,4.969,4.027,0.286,0.42,3.742,1.433,2.157,2.068,2.866,1.802,0.364,0.152,5.514,3.047,2.099,0.617,0.661,0.546,0.566,2.059,1.506,2.676,2.882,0.135,1.081,5.495,5.666,0.022,5.151,6.12,0.124,0.158,0.851,2.243,3.334,0.804,1.289,0.935,6.289,4.859,2.74,3.011,1.508,1.991,1.768,7.167,4.733,0.989,2.724,3.022
"1954-09",2.782,2.916,2.107,1.296,3.995,3.642,5.661,7.151,3.426,5.691,3.351,0.623,4.788,3.247,3.076,2.972,2.579,2.608,1.862,1.25,0.286,4.966,4.553,2.73,1.728,0.437,0.523,0.456,1.431,1.038,1.715,2.51,0.117,0.486,2.905,2.941,0.053,3.152,5.289,0.101,0.042,0.397,1.252,3.221,0.719,1.264,1.282,6.401,5.005,2.413,3.37,1.142,2.073,0.851,5.43,4.536,1.006,2.663,2.949
"1954-10",1.866,3.354,2.131,2.11,2.792,3.18,3.688,6.934,4.827,9.222,3.994,0.58,5.357,3.099,3.501,2.686,3.183,2.93,2.396,1.844,0.17,3.227,6.04,2.986,6.269,1.17,2.309,1.531,1.155,2.087,1.561,2.731,0.353,0.551,1.747,2.573,0.111,3.563,4.478,0.12,0.465,0.782,1.287,2.58,0.661,1.557,0.803,5.431,5.177,2.192,3.778,1.854,2.123,3.562,8.845,4.418,1.235,2.547,2.956
"1954-11",2.059,1.889,1.486,2.804,2.405,4.476,2.07,6.445,2.958,9.243,4.434,2.539,8.29,1.799,4.687,2.698,2.789,3.394,2.448,1.858,0.119,1.014,5.304,3.708,9.039,1.518,3.79,1.76,0.906,1.993,1.369,2.437,0.957,0.204,0.634,1.599,0.269,2.536,4.853,0.293,0.137,0.398,1.331,2.769,0.589,1.056,0.75,4.662,6.61,2.142,3.59,2.595,2.344,4.865,9.069,5.456,1.2,2.325,2.956
"1954-12",2.282,1.444,1.14,6.452,1.678,3.636,2.372,2.029,2.295,7.597,6.724,5.986,12.749,1.554,3.605,2.253,3.248,2.296,1.744,1.565,0.021,0.065,3.221,1.862,10.08,2.459,6.161,5.188,0.909,0.825,0.424,1.957,1.812,0.24,0.925,2.902,0.179,1.057,4.527,1.358,0.317,0.61,1.326,2.698,0.639,0.861,0.849,3.399,8.735,2.701,2.997,3.467,1.819,0.878,1.283,7.224,1.537,2.34,2.983
"1955-01",2.646,2.034,0.956,5.582,2.132,4.026,2.789,0.81,1.442,5.709,4.046,6.577,13.26,1.117,4.167,2.431,3.206,1.686,1.716,1.651,0.03,0.02,2.552,0.52,7.483,2.753,7.177,10.533,0.581,1.217,0.487,1.556,1.852,0.208,1.314,2.293,0.098,0.801,5.971,4.812,1.381,2.424,1.308,2.139,0.674,1.05,0.711,2.975,8.426,2.755,3.438,2.384,1.955,0.399,0.355,7.543,2.358,2.549,3.032
"1955-02",1.908,1.152,1.137,6.503,2.037,4.93,2.694,0.404,1.825,7.475,4.334,5.264,12.161,1.399,4.397,2.666,2.995,2.207,2.215,1.09,0.039,0.065,2.497,0.755,4.795,2.642,5.719,10.282,0.744,1.422,0.546,1.184,1.507,0.252,1.642,1.569,0.286,1.008,5.309,9.275,3.034,4.053,1.24,2.774,0.757,1.21,0.63,2.394,9.535,3.048,3.215,2.115,1.84,0.382,0.267,5.374,3.562,2.653,3.074
"1955-03",2.287,1.262,0.779,4.681,1.748,3.81,1.171,0.256,0.824,8.225,4.911,6.257,10.498,2.28,4.124,3.211,2.298,1.604,1.655,2.025,0.046,0.563,4.233,2.14,5.91,1.462,2.226,6.431,0.764,1.436,0.915,1.492,2.159,0.844,1.601,2.612,1.041,0.619,5.726,3.662,1.984,2.019,1.421,1.786,0.957,1.873,0.59,1.987,8.7,2.906,3.173,3.424,1.998,0.234,0.016,4.949,4.152,3.033,2.984
"1955-04",1.603,0.88,1.104,3.419,3.535,5.137,1.712,0.8,1.177,8.073,6.207,3.16,5.279,2.112,4.138,2.416,2.352,3.246,2.433,1.512,0.078,1.978,6.17,2.406,6.055,0.634,2.43,3.195,0.715,1.13,1.515,1.83,1.538,1.197,2.807,3.76,0.152,0.779,5.44,2.756,1.053,1.082,1.753,2.315,0.966,1.689,0.774,1.614,9.881,2.99,2.249,4.138,2.628,0.024,0.025,5.914,3.211,3.183,3.016
"1955-05",1.378,1.662,1.728,2.868,3.603,2.996,1.273,3.28,2.897,8.782,9.181,0.728,1.098,3.39,2.195,2.373,1.821,2.12,2.164,1.024,0.291,3.03,4.373,3.275,5.829,0.163,0.948,2.212,1.025,2.306,1.675,1.549,2.005,1.342,3.474,3.991,0.439,1.342,6.44,0.722,0.571,1.459,1.694,2.78,0.828,1.574,0.723,1.791,9.185,3.063,1.851,4.279,2.458,0.03,0.261,7.928,1.976,3.239,2.971
"1955-06",1.152,1.921,1.836,3.497,3.782,2.715,1.384,7.361,6.632,3.23,5.423,0.577,0.221,4.582,1.395,3.056,2.3,2.105,2.057,2.19,1.228,8.348,5.069,4.555,2.331,0.613,1.048,1.424,1.909,2.604,2.176,2.423,1.379,1.497,4.289,5.721,0.327,3.326,7.636,0.808,0.74,2.007,2.302,3.885,0.832,1.713,0.921,2.98,5.741,3.101,2.981,3.7,2.304,2.193,4.316,6.05,2.352,2.955,3.108
"1955-07",1.374,2.829,2.235,1.495,3.331,4.605,3.546,12.201,5.799,5.025,4.819,0.265,0.379,5.783,1.67,2.538,2.729,2.437,2.659,0.702,0.287,6.673,2.424,2.114,0.979,0.675,0.73,1,1.588,2.376,3.558,2.796,0.704,0.972,5.677,6.406,0.007,5.776,8.154,0.381,0.227,2.993,1.578,3.434,0.746,1.187,1.114,3.815,4.602,2.786,2.995,2.208,2.57,2.406,7.196,7.169,1.09,2.901,3.077
"1955-08",1.593,2.78,2.144,0.89,2.644,4.967,3.801,12.294,7.184,6.343,4.856,0.216,0.618,4.042,2.289,2.797,2.973,2.352,2.498,0.354,0.177,6.63,3.282,2.263,1.213,0.363,0.678,1.371,1.67,2.123,3.209,3.376,0.252,1.032,5.5,6.795,0.017,5.766,6.481,0.205,0.097,0.941,1.637,2.794,0.783,1.262,1.299,4.76,4.065,2.74,3.374,1.509,2.359,1.76,6.745,4.9,0.98,2.904,3.031
"1955-09",2.417,2.643,2.345,2.211,2.471,3.56,2.38,10.086,4.233,7.671,4.416,0.942,3.502,1.807,5.279,2.158,2.033,2.15,1.378,1.519,0.311,4.988,4.54,2.926,1.856,0.254,0.769,0.558,1.692,1.251,1.896,3.367,0.261,0.554,3.255,3.27,0.091,4.28,7.173,0.059,0.488,1.665,1.869,2.849,0.658,1.705,1.337,5.291,3.448,2.444,3.67,1.201,2.399,1.937,8.042,5.319,0.954,2.782,2.951
"1955-10",1.739,2.794,1.869,2.553,2.645,3.612,3.327,7.402,3.322,9.163,4.989,0.444,4.188,1.67,3.794,1.968,3.265,2.261,1.575,2.481,0.442,5.89,5.981,5.989,5.523,0.907,1.438,1.538,1.255,1.582,1.26,2.907,1.379,0.569,1.559,2.219,0.937,2.181,6.584,0.153,0.49,2.582,1.339,2.394,0.538,1.554,1.141,4.781,3.417,2.338,4.268,1.89,2.108,2.527,8.532,5.927,1.346,2.603,2.939
"1955-11",2.08,2.64,1.728,1.853,2.401,3.493,4.04,4.348,1.505,8.063,6.708,1.956,9.464,0.924,4.79,1.747,3.119,2.207,2.696,2.487,0.077,1.732,5.921,1.87,8.882,1.541,3.082,1.118,1.014,1.972,1.025,2.311,1.672,0.525,0.329,1.989,0.076,1.057,7.309,0.551,1.02,2.148,1.822,2.663,0.617,1.253,0.986,4.878,4.383,2.494,3.603,3.883,2.031,3.623,10.199,6.448,1.225,2.476,3.015
"1955-12",2.16,2.661,1.329,3.572,1.729,4.005,2.505,1.807,1.205,6.05,7.661,6.389,12.34,1.406,3.851,2.368,2.851,2.627,1.134,1.99,0.067,0.029,3.411,1.729,10.383,2.746,4.514,3.024,0.864,0.75,0.446,1.483,1.382,0.263,0.828,2.884,0.324,0.256,6.75,1.09,0.511,3.091,0.801,2.731,0.64,1.127,0.873,3.522,5.881,3.09,3.281,5.272,1.804,1.183,0.416,10.032,1.167,2.286,2.992
"1956-01",2.185,1.636,0.812,2.597,1.46,4.431,1.049,1.721,1.563,5.161,4.326,11.996,13.044,1.814,3.208,2.527,3.525,2.008,1.965,1.442,0.122,0.027,3.152,0.799,7.929,3.849,7.613,8.051,1.046,1.196,0.517,1.515,1.83,0.366,1.513,2.248,0.099,0.283,7.144,7.491,0.765,1.593,0.867,2.898,0.66,0.834,0.97,2.942,5.534,3.312,3.04,5.296,1.772,0.332,0.33,8.554,1.707,2.513,3.022
"1956-02",2.22,1.504,0.818,5.881,1.415,2.708,1.002,0.93,0.79,5.312,5.722,10.001,13.381,2.463,2.934,2.948,3.661,1.567,1.342,1.332,0.048,0.05,3.701,0.148,6.04,3.697,6.429,7.991,0.754,1.03,0.497,1.019,1.642,0.405,2.006,2.255,0.088,0.793,7.366,4.601,1.703,1.786,0.96,3.013,0.867,1.23,0.837,2.638,4.059,4.299,2.521,5.016,1.65,0.024,0.308,7.539,2.718,2.535,2.948
"1956-03",1.866,1.814,1.035,4.522,1.993,3.095,1.03,1.025,0.695,7.439,5.918,6.847,10.53,1.63,3.851,2.621,3.578,1.593,2.112,0.698,0.043,0.243,3.686,0.276,3.217,3.132,4.966,5.114,0.747,1.542,0.718,1.116,1.48,0.439,1.932,2.962,0.12,0.517,6.658,8.407,1.302,3.552,1.855,3.12,0.957,1.505,0.89,2.399,4.744,3.708,2.087,5.663,2.017,0.032,0.342,7.388,3.226,2.965,2.952
"1956-04",1.707,1.551,1.263,4.051,2.82,4.157,0.439,1.48,0.949,8.444,9.243,6.062,4.372,2.641,1.855,2.967,1.94,0.839,0.817,1.83,0.219,1.678,4.831,2.107,3.14,1.136,2.18,2.77,0.91,1.414,0.977,1.619,2.284,0.857,2.721,3.398,0.394,0.574,7.415,3.75,0.433,0.389,1.796,3.012,0.963,1.565,0.836,2.607,4.089,3.937,1.694,8.029,2.102,0.159,0.94,5.877,2.871,3.095,2.926
"1956-05",1.337,1.753,1.823,2.397,2.545,3.264,1.13,3.329,1.242,7.304,9.859,2.384,1.654,2.451,1.356,3.026,1.811,2.589,2.22,1.212,0.751,4.051,5.576,4.284,4.66,0.646,1.521,1.618,1.359,1.748,1.459,1.968,1.47,1.529,3.098,4.215,0.467,0.694,7.194,1.495,1.464,3.403,2.891,3.83,1.017,1.219,0.772,3.615,3.321,3.686,1.426,8.873,2.105,0.692,3.286,8.124,1.966,3.082,3.024
"1956-06",1.302,1.733,2.061,2.068,4.442,4.024,2.574,9.412,2.264,3.109,7.94,0.958,0.258,2.789,0.595,3.25,1.976,2.425,2.381,1.386,0.606,6.524,3.913,2.698,1.288,0.506,0.787,1.42,1.547,1.695,2.448,2.339,1.248,1.327,3.177,6.198,0.108,2.438,8.503,1.087,0.562,2.358,2.793,3.991,0.868,1.137,0.748,4.17,3.043,3.422,1.628,8.292,1.565,5.873,3.862,4.973,1.58,3.031,3.034
"1956-07",1.323,2.421,2.285,1.341,2.635,3.768,2.458,8.006,2.907,3.683,7.045,0.427,0.152,2.085,0.947,2.53,2.269,3.271,2.625,0.532,0.198,7.935,3.27,3.045,1.37,0.397,0.976,1.18,1.707,1.939,3.564,2.678,0.354,1.213,6.624,6.403,0.132,6.664,7.173,0.32,0.175,1.107,1.877,3.383,0.787,1.416,1.294,4.854,3.037,3.211,2.521,3.732,2.28,4.258,6.397,6.724,1.057,3.088,3.066
"1956-08",2.296,2.758,2.389,1.168,2.986,3.532,3.612,9.15,4.466,5.413,6.072,0.496,0.405,2.374,1.226,2.434,2.149,2.427,2.315,0.343,0.191,6.717,3.784,3.609,1.365,0.346,0.697,0.705,1.784,1.893,3.064,3.515,0.262,1.152,5.405,5.891,0.617,8.207,7.91,0.619,0.882,2.401,1.818,3.176,0.565,1.208,1.229,4.936,2.674,2.744,2.646,2.146,1.855,4.439,9.091,7.457,1.04,3.021,3.036
"1956-09",2.356,2.386,2.699,1.856,2.3,4.239,4.293,8.206,2.606,7.425,4.961,0.287,1.376,1.581,2.685,2.18,3.48,2.295,1.772,0.7,0.044,4.388,4.539,2.163,1.672,0.313,0.797,0.285,1.771,1.578,2.122,1.978,0.329,0.573,2.865,4.526,0.026,6.218,7.523,0.116,0.657,2.014,1.96,2.815,0.739,1.731,1.441,5.53,2.327,2.65,3.784,2.395,1.719,2.381,10.86,5.991,0.843,2.726,2.94
"1956-10",1.97,2.879,2.041,2.39,0.733,3.007,1.209,6.624,4.717,7.889,4.568,0.444,5.471,1.07,1.982,1.982,3.161,1.97,1.653,1.616,0.075,2.828,5.467,2.165,4.801,0.847,1.731,1.574,1.103,1.763,1.374,3.078,0.334,0.351,0.834,2.165,0.021,2.572,8.126,0.236,0.161,0.521,1.294,2.478,0.525,1.143,1.069,5.995,2.262,2.885,3.913,2.483,1.701,1.48,7.776,7.077,1.121,2.665,2.923
"1956-11",1.887,2.815,1.749,2.669,2.143,3.326,2.748,4.805,3.224,7.626,6.025,2.733,9.809,1.908,4.654,2.699,3.725,2.94,2.36,1.71,0.06,0.728,5.1,3.285,6.291,1.742,2.474,3.472,1.165,1.949,1.134,1.88,1.205,0.475,0.559,2.046,0.12,0.28,6.292,0.943,0.95,3.176,1.163,2.938,0.544,0.995,0.862,5.04,2.873,2.774,3.337,3.327,1.905,3.377,2.813,12.206,0.988,2.244,2.95
"1956-12",1.945,2.981,1.614,2.176,1.068,2.688,1.575,2.141,1.835,6.322,7.092,5.283,10.441,1.664,3.959,2.65,3.747,3.044,1.741,2.431,0.034,0.215,4.207,1.072,8.35,4.202,5.647,5.553,0.829,1.509,0.844,1.925,0.575,0.232,0.677,1.589,0.067,0.339,8.952,2.432,0.474,0.774,1.108,3.402,0.574,0.921,0.613,4.442,3.288,2.911,2.913,5.005,1.41,2.925,0.988,11.292,1.221,2.276,2.985
"1957-01",2.312,2.207,1.076,4.143,0.638,2.317,3.361,1.23,1.006,5.737,6.315,8.204,11.845,2.345,3.369,2.73,3.051,2.563,1.522,2.903,0.021,0.019,2.717,0.111,4.644,2.874,6.835,7.997,0.658,1.099,0.538,2.079,1.128,0.248,1.309,2.041,0.086,0.684,8.053,6.231,1.302,1.467,1.525,3.357,0.585,0.963,0.715,3.468,3.314,3.539,2.837,3.676,1.895,0.644,0.876,10.33,2.916,2.364,2.987
"1957-02",1.596,1.674,1.091,6.487,1.592,3.456,0.639,0.749,1.02,7.073,4.018,9.845,13.477,1.867,4.247,2.559,3.582,2.332,1.825,1.199,0.012,0.032,3.074,0.17,4.613,2.552,4.198,5.036,0.691,1.306,0.638,1.599,0.955,0.391,0.954,1.81,0.043,0.366,8.5,12.151,4.757,5.024,1.211,3.291,0.862,1.12,0.883,2.888,3.519,3.817,2.546,3.516,1.763,0.514,0.199,7.35,4.078,2.376,3.001
"1957-03",2.066,1.788,1.322,2.953,2.438,3.695,2.243,0.765,0.652,7.536,5.163,10.714,10.863,2.289,2.291,2.772,2.549,1.791,1.418,1.258,0.027,0.217,4.491,0.562,3.406,1.371,2.32,4.367,0.829,1.007,0.643,1.384,1.395,0.537,1.807,2.3,0.144,0.518,6.453,7.62,1.485,3.811,1.2,3.267,1.004,1.258,0.864,2.903,3.459,4.316,2.299,4.166,2.379,0.071,0.067,5.213,3.436,2.745,2.886
"1957-04",1.746,1.748,1.001,1.879,1.262,2.828,1.394,1.323,1.009,6.159,5.88,8.871,5.943,1.978,1.918,3.065,2.521,2.771,1.994,0.756,0.103,1.562,4.452,2.572,3.54,0.989,1.552,2.456,0.935,1.572,1.575,1.353,1.237,0.813,1.791,3,0.364,0.37,8.032,3.68,0.219,1.602,1.49,3.192,1.035,1.22,0.859,2.472,4.51,4.169,1.853,6.758,2.246,0.026,0.656,5.87,3.974,3.075,2.936
"1957-05",1.684,1.561,1.228,2.563,3.858,3.449,1.672,3.25,2.422,7.478,8.175,4.519,2.265,3.201,0.787,3.455,1.176,2.497,2.543,1.438,0.183,3.732,5.119,3.668,4.7,0.268,1.004,1.564,0.934,1.695,1.656,2.278,2.142,1.387,2.183,4.376,0.419,0.784,7.425,0.778,0.717,1.127,1.796,3.968,0.843,1.389,0.669,3.253,3.906,3.645,1.702,6.703,2.234,0.407,3.001,7.295,1.548,3.139,2.928
"1957-06",2.016,1.873,2.248,1.597,4.47,3.372,2.097,9.499,3.548,6.159,9.342,1.264,0.41,3.307,1.098,3.013,1.45,2.809,2.525,1.368,0.283,5.747,2.664,2.139,1.181,0.346,0.998,0.94,1.46,1.981,2.136,2.334,0.708,1.387,3.036,6.556,0.018,1.803,8.331,1.284,1.941,4.29,3.316,3.598,0.891,1.295,0.935,4.284,3.304,3.022,1.518,5.488,2.495,3.294,3.116,7.932,1.418,2.958,3.048
"1957-07",1.976,2.592,2.551,1.643,2.244,4.083,2.407,8.327,2.923,4.307,7.091,0.914,0.215,2.941,0.887,3.435,1.821,2.885,1.518,0.615,0.244,6.922,2.688,2.442,0.616,0.616,0.594,0.865,1.648,2.258,2.676,2.951,0.376,1.2,5.79,5.181,0.103,6.57,8.192,0.879,0.934,4.324,2.496,3.582,0.918,0.921,1.194,5.213,3.763,3.19,2.039,2.971,1.734,2.48,6.597,3.805,1.492,2.855,3.033
"1957-08",2.173,2.86,2.573,1.809,2.427,3.313,3.573,7.761,2.933,5.754,5.84,0.78,1.048,3.727,1.354,2.79,2.298,2.616,1.631,0.883,0.234,6.697,3.556,2.717,0.787,0.511,0.779,0.9,2.125,1.392,2.103,2.975,0.436,1.359,5.482,6.188,0.057,5.825,7.286,0.26,0.336,1.312,1.881,3.941,0.961,0.937,1.352,5.871,3.483,2.953,2.381,1.655,2.044,2.071,5.837,4.279,1.12,2.651,3.012
"1957-09",2.367,2.83,2.449,1.965,2.664,3.31,4.685,7.35,3.345,8.454,5.57,0.478,2.125,3.705,2.538,2.602,2.451,1.923,1.869,1.047,0.141,5.029,4.394,2.55,1.283,0.553,0.451,0.594,2.106,1.699,2.067,2.79,0.271,0.58,3.385,3.512,0.065,4.351,8.246,0.158,0.053,0.575,1.539,2.871,0.719,1.55,1.26,5.356,4.132,2.408,3.515,1.57,2.049,1.609,7.119,4.672,1.009,2.763,2.966
"1957-10",2.639,2.825,2.277,1.333,1.11,3.191,2.482,6.549,3.729,7.545,4.971,2.553,7.859,1.998,3.55,2.922,3.432,2.302,1.564,1.996,0.099,3.158,4.322,2.906,3.45,0.477,1.301,1.124,1.541,1.543,1.202,2.231,1.522,0.49,1.468,1.748,0.179,2.477,4.777,0.136,0.359,0.881,1.199,3.243,0.769,1.095,0.826,5.521,5.097,2.313,3.743,1.799,2.057,2.322,8.65,6.967,1.212,2.356,2.918
"1957-11",1.884,2.631,1.637,3.139,2.185,2.796,4.21,2.993,1.665,9.649,5.544,2.29,8.938,2.167,4.491,2.138,3.558,2.307,1.532,2.359,0.041,0.705,4.819,4.719,11.246,1.243,2.088,2.257,0.978,1.286,0.917,1.849,2.573,0.562,1.447,2.22,1.436,0.566,5.372,0.265,0.816,1.211,0.979,2.454,0.618,0.9,0.87,4.941,5.882,2.342,4.021,2.462,1.885,1.997,2.032,8.32,1.18,2.398,2.993
"1957-12",2.37,2.496,1.239,2.219,2.119,3.593,4.792,1.119,1.203,6.602,4.771,4.301,11.561,1.501,4.866,2.613,3.581,2.777,1.716,2.46,0.04,0.148,4.272,1.186,10.612,2.054,5.258,5.542,0.935,0.983,0.581,1.605,2.245,0.366,1.624,2.169,0.076,0.369,5.463,0.695,0.41,1.194,1.268,3.239,0.609,1.025,0.899,3.314,8.475,2.792,3.3,3.793,1.893,0.546,0.56,8.938,1.392,2.36,3.017
"1958-01",1.573,2.092,0.895,3.438,1.262,2.65,1.847,1.035,1.207,5.883,3.793,6.541,12.492,2.279,4.848,2.921,2.617,3.034,1.987,2.168,0.036,0.054,3.23,0.967,7.38,3.383,6.974,7.727,0.649,1.316,0.438,1.369,1.887,0.231,0.762,2.645,0.509,0.451,6.425,5.064,1.893,4.419,1.005,2.501,0.65,0.895,0.749,2.918,8.567,2.828,3.633,2.695,1.676,0.653,0.623,6.363,2.214,2.405,3.012
"1958-02",2.233,1.58,0.881,5.818,1.788,3.321,3.238,0.46,1.564,5.848,3.374,8.227,11.128,1.986,4.89,3.201,1.916,2.172,1.91,1.796,0.023,0.117,2.554,1.044,5.304,2.025,4.646,6.533,0.532,1.475,0.496,1.125,2.171,0.516,0.749,2.668,0.146,0.517,6.104,6.745,1.761,0.77,1.089,3.211,0.62,1.279,0.646,2.537,7.292,3.458,3.122,1.969,2.603,0.209,0.089,6.335,3.318,2.66,2.988
"1958-03",1.74,1.771,0.937,3.241,1.888,3.074,1.512,0.457,0.954,7.495,4.812,7.47,11.526,1.796,3.251,2.715,2.546,2.489,2.092,1.656,0.034,0.312,4.132,1.719,4.39,1.983,3.246,3.807,0.41,1.796,0.935,1.023,1.509,0.645,1.711,2.926,0.405,0.585,5.824,5.459,0.633,2.846,1.503,2.671,1.045,1.339,0.76,2.204,7.246,4.066,3.017,2.734,2.551,0.101,0.126,5.53,3.594,2.867,3.006
"1958-04",1.662,1.57,1.735,3.854,5.041,3.276,2.26,0.646,1.733,9.045,8.453,4.366,5.761,1.931,3.123,2.898,2.125,1.882,1.411,1.241,0.029,1.379,5.046,3.351,5.185,0.428,1.186,1.842,0.882,1.679,1.3,2.047,2.533,1.162,2.26,3.198,0.456,0.714,6.488,2.592,0.883,2.053,0.971,3.274,1.007,1.554,0.714,1.759,8.809,3.327,2.406,2.818,2.367,0.069,0.135,5.183,3.036,3.03,2.974
"1958-05",1.562,1.811,1.545,3.646,3.444,3.387,1.488,2.156,3.64,7.862,10.366,2.233,1.556,2.478,2.345,2.731,1.867,2.434,2.519,1.454,0.431,4.175,4.651,3.385,4.209,0.56,0.749,0.919,0.821,2.361,2.136,2.025,2.023,1.303,3.196,3.932,0.572,1.149,5.495,0.843,0.095,0.645,2.7,3.287,1.145,1.432,0.791,1.991,8.466,3.239,1.652,5.908,2.511,0.091,0.507,7.842,2.655,3.105,3.034
"1958-06",1.487,1.969,2.153,2.377,3.024,4.184,2.356,8.712,5.802,4.212,7.101,1.23,0.385,2.937,1.738,2.805,2.019,2.966,3.011,1.645,0.71,6.75,3.633,3.047,1.864,0.27,0.618,0.776,1.31,1.939,2.83,1.691,1.549,1.903,3.282,5.029,0.21,1.814,7.846,0.219,0.882,1.47,3.037,3.654,0.894,1.596,1.196,3.606,5.886,2.994,2.551,3.309,2.307,2.951,4.41,8.703,1.604,3.012,3.128
"1958-07",2.15,2.773,2.612,1.774,2.771,3.252,3.507,11.838,4.324,5.522,5.432,0.611,0.495,4.357,3.158,3.066,2.263,3.289,2.301,0.63,0.244,6.301,2.543,2.524,0.906,0.469,0.479,0.788,1.842,2.305,3.303,1.875,0.565,1.246,5.662,6.478,0.009,6.005,7.842,0.279,0.306,0.608,2.714,3.688,0.837,1.689,1.11,4.441,4.912,3.103,3,1.709,2.061,3.568,4.697,6.219,1.289,2.796,3.137
"1958-08",1.559,2.727,2.04,1.378,3.448,3.585,3.08,7.761,4.38,5.887,4.498,0.858,1.709,2.228,3.109,2.135,3.18,2.29,2.093,0.357,0.187,5.905,2.867,2.042,0.662,0.393,0.41,1.133,2.207,1.792,2.919,3.393,0.344,1.092,5.632,6.916,0.114,5.418,7.13,0.09,0.641,1.368,2.896,3.771,0.923,1.355,1.367,5.791,3.402,2.929,3.449,1.167,2.043,1.442,8.001,6.095,1.072,2.595,3.07
"1958-09",2.143,2.863,2.439,1.401,2.736,4.6,4.124,9.962,5.49,7.243,5.344,0.707,2.96,2.555,2.831,2.66,2.253,2.55,2.749,0.698,0.081,4.25,3.871,2.039,1.232,0.495,0.406,0.433,1.259,2,1.873,3.538,0.259,0.444,3.095,3.837,0.056,3.898,7.744,0.241,0.328,1.25,1.445,3.132,0.834,0.82,1.144,5.071,3.38,2.596,3.835,1.069,2.111,1.309,5.865,4.578,0.82,2.797,2.905
"1958-10",2.29,3.082,2.139,1.638,0.873,2.955,1.932,6.531,5.39,7.145,4.218,1.293,7.688,1.556,4.491,1.985,2.487,2.785,1.304,1.955,0.187,3.045,6.073,4.042,4.8,1.644,1.606,1.455,1.249,1.171,1.337,2.604,0.791,0.477,1.381,2.701,0.449,1.644,6.845,0.125,0.291,0.491,1.179,2.58,0.78,1.017,1.303,5.35,4.007,2.358,4.394,1.001,2.013,2.786,4.383,6.813,1.205,2.53,2.949
"1958-11",2.258,2.111,1.757,4.018,2.27,4.586,1.766,4.54,3.896,7.855,6.406,2.525,8.887,1.359,4.054,2.612,2.72,3.335,2.298,2.068,0.018,1.309,5.502,1.514,6.329,2.035,2.442,2.231,0.86,1.646,0.884,2.52,1.733,0.552,0.869,1.921,0.356,0.798,7.511,0.258,1.028,2.675,1.065,2.917,0.798,1.044,0.868,4.999,4.376,2.444,3.438,2.615,1.88,5.227,5.764,9.148,0.908,2.296,2.994
"1958-12",1.579,2.349,1.199,3.227,1.883,4.174,3.474,2.159,1.34,7.22,6.172,3.246,10.396,1.511,4.723,2.374,3.36,3.02,2.312,1.732,0.033,0.059,3.795,0.672,8.03,2.54,3.749,4.055,0.661,1.525,0.856,1.954,1.257,0.275,0.572,1.544,0.236,0.896,5.77,0.828,0.666,0.879,0.76,3.155,0.77,1.058,0.687,4.298,5.957,2.734,3.367,2.785,1.766,1.272,1.285,11.258,1.128,2.411,2.943
"1959-01",2.137,1.973,1,3.648,1.161,3.818,2.874,1.054,0.926,4.964,4.541,6.512,13.847,1.504,4.898,2.679,2.737,2.6,1.531,2.656,0.161,0.054,2.622,0.531,7.203,3.226,7.893,7.212,0.622,1.314,0.438,1.577,1.706,0.226,1.223,1.872,0.101,0.604,6.899,2.631,0.828,0.839,0.978,2.895,0.577,0.928,0.864,3.431,6.521,3.363,3.066,3.439,1.834,0.613,0.155,9.064,1.378,2.493,3.007
"1959-02",2.522,2.221,1.028,1.103,1.237,3.841,3.267,0.652,0.86,5.617,5.175,8.856,14.579,1.964,4.396,2.773,2.781,2.222,1.529,1.481,0.038,0.093,2.943,0.439,5.869,4.464,5.468,7.721,0.616,1.681,0.759,1.676,2.073,0.568,1.38,2.067,0.258,0.493,7.488,5.009,1.263,1.446,1.229,2.135,0.905,1.099,0.558,2.46,6.208,3.382,2.828,3.794,1.864,0.452,0.084,6.137,3.349,2.66,2.984
"1959-03",2.668,1.824,0.944,3.192,1.695,2.189,2.407,0.918,0.812,6.804,6.045,8.576,10.128,1.903,3.013,2.955,2.332,1.248,1.42,1.467,0.082,0.433,4.861,1.064,5.478,2.961,3.643,4.129,0.634,0.83,0.788,1.546,2.413,0.697,2.002,3.022,0.154,0.938,6.132,5.779,0.21,1.479,1.204,3.549,1.096,1.663,1.036,2.405,5.919,3.849,2.428,5.002,2.191,0.091,0.142,7.43,2.136,2.868,2.965
"1959-04",1.683,1.63,1.283,2.742,2.188,3.538,1.469,0.587,0.576,6.932,9.013,5.57,4.668,2.284,2.066,2.629,1.858,2.149,1.265,1.368,0.07,1.551,5.581,2.42,5.751,1.204,3.099,3.711,0.68,0.832,0.999,1.563,2.916,1.072,2.405,3.22,0.373,0.546,6.297,3.13,0.092,1.828,0.822,3.208,0.973,1.416,0.748,2.381,6.425,3.891,1.714,7.545,1.791,0.049,0.453,6.358,2.395,2.878,2.929
"1959-05",1.562,1.752,1.273,2.976,3.14,3.272,2.015,2.685,1.631,6.732,9.049,1.857,1.265,3.779,1.964,2.808,1.808,2.617,1.747,1.133,0.265,3.187,5.241,3.178,5.494,0.667,1.171,2.293,1.133,2.045,1.774,1.82,1.748,1.22,3.23,4.041,0.29,0.905,7.748,1.757,0.015,1.076,0.84,2.61,0.98,1.607,0.534,2.426,5.734,3.719,1.466,8.462,2.078,0.015,2.531,8.206,1.67,3.263,2.988
"1959-06",1.089,2.145,1.485,2.943,4.365,4.323,2.458,8.047,3.025,4.957,7.527,0.852,0.305,5.09,1.797,2.861,1.873,3.471,1.708,1.383,0.41,6.187,3.998,3.068,1.881,0.962,1.052,1.127,1.573,2.196,2.237,1.869,1.066,1.281,3.115,5.484,0.236,1.101,6.988,0.401,1.096,2.372,2.323,3.691,0.939,1.588,0.848,4.023,4.048,3.458,1.654,6.191,2.246,2.448,3.812,9.143,1.531,3.075,3.084
"1959-07",1.575,2.491,2.364,1.606,2.877,4.294,2.102,8.558,2.928,5.408,6.452,0.378,0.621,4.016,1.424,2.985,1.94,2.79,2.747,0.611,0.151,5.632,2.268,2.788,0.651,0.411,0.819,0.99,1.617,1.852,3.043,3.57,0.566,1.302,5.383,7.755,0.011,4.699,7.605,0.226,0.671,1.168,3.066,3.834,0.849,1.348,1.194,4.704,4.285,3.089,2.156,2.594,2.286,4.3,7.314,6.94,1.12,3.005,3.102
"1959-08",2.214,2.841,2.431,1.586,3.205,4.034,3.872,8.099,3.954,6.108,5.085,0.255,0.901,3.181,2.178,2.451,2.555,2.194,1.913,0.478,0.097,7.362,3.354,2,0.857,0.195,1.073,1.135,1.789,1.595,3.52,2.191,0.274,1.254,4.246,5.398,0.012,4.821,7.24,0.147,0.13,1.586,1.567,3.796,0.705,1.855,1.121,5.469,4.348,2.547,2.845,1.63,2.103,1.956,7.837,6.31,0.805,2.778,3.014
"1959-09",2.122,2.88,2.999,1.629,2.546,4.16,3.879,9.379,3.518,6.803,3.844,0.664,4.945,2.159,4.087,1.944,3.274,2.014,1.158,0.883,0.123,4.574,4.361,1.679,0.949,0.372,0.573,0.922,1.593,1.939,2.247,2.68,0.325,0.576,2.29,3.673,0.083,3.075,7.357,0.107,0.19,0.446,1.688,3.386,0.645,1.436,1.475,5.715,4.244,2.343,3.271,1.235,2.275,1.489,7.879,6.041,0.765,2.886,2.989
"1959-10",2.12,2.956,2.32,1.891,1.607,4.267,2.141,7.712,3.488,8.392,4.498,1.062,6.446,1.8,3.765,2.723,3.539,3.017,1.821,1.513,0.085,3.223,5.167,2.132,4.296,0.539,1.36,0.818,1.588,0.969,1.167,2.69,0.819,0.612,1.434,2.414,0.072,2.108,6.032,0.147,0.123,0.256,1.65,3.351,0.679,0.904,0.991,5.232,4.409,2.185,3.611,1.77,2.205,2.077,6.579,7.735,0.914,2.454,2.889
"1959-11",1.879,2.092,1.838,4.621,1.904,3.981,2.429,4.416,3.26,6.845,7.201,3.493,10.505,1.216,3.162,2.336,3.605,3.183,1.918,1.333,0.04,0.69,5.32,2.634,7.957,1.455,2.416,1.96,0.974,1.609,1.17,1.99,1.636,0.394,1.497,1.807,0.241,1.522,5.611,0.703,0.738,1.431,1.761,3.021,0.561,0.85,0.82,4.653,4.918,2.578,3.68,2.91,1.95,1.383,3.302,7.278,1.054,2.457,2.918
"1959-12",1.675,2.408,1.436,2.446,1.472,3.657,2.55,2.747,1.963,8.117,6.881,5.668,11.32,1.975,3.569,2.359,4.054,2.614,1.387,2.181,0.046,0.106,4.114,0.747,8.723,1.742,4.776,4.855,0.756,1.471,0.571,2.251,2.772,0.394,0.681,2.485,0.17,0.608,6.528,1.676,0.733,0.949,1.502,2.619,0.533,0.887,0.856,4.015,6.065,2.786,3.477,4.119,1.953,0.856,2.817,8.889,1.378,2.327,3.022
"1960-01",1.781,1.86,1.492,3.696,1.542,3.123,3.231,1.417,1.689,5.777,6.192,8.001,13.364,1.613,3.608,2.616,2.572,3.115,1.129,2.585,0.033,0.018,3.009,0.528,5.75,3.238,7.158,6.265,0.522,0.593,0.256,1.705,1.396,0.409,1.096,2.36,0.119,0.329,7.052,6.774,1.171,1.08,1.188,3.269,0.644,1.063,0.596,3.351,5.041,2.936,3.05,3.869,1.843,0.952,0.323,10.294,1.68,2.342,2.958
"1960-02",1.473,2.031,0.936,3.521,1.144,3.57,1.655,0.893,0.824,7.804,4.142,11.365,11.807,2.122,4.29,2.729,2.722,2.014,1.775,1.566,0.034,0.063,2.789,0.888,4.833,3.31,6.481,9.721,0.409,1.199,0.513,1.249,1.491,0.409,1.107,2.005,0.056,0.602,7.822,7.296,0.711,3.002,0.971,3.79,0.775,1.222,0.695,2.871,5.011,3.597,3.026,3.352,2.277,0.553,0.383,7.001,2.137,2.56,2.977
"1960-03",1.994,2.05,1.07,2.063,1.814,3.368,1.297,0.561,0.571,7.373,5.342,8.858,11.812,2.146,3.83,2.839,2.897,1.394,1.86,0.923,0.043,0.777,4.746,0.663,5.086,2.439,4.219,5.068,0.875,1.157,0.591,0.995,2.279,0.673,2.411,3.271,0.179,0.509,7.842,4.179,0.268,2.361,0.982,2.484,0.89,1.581,0.763,2.212,5.476,3.609,2.243,4.792,2.089,0.02,0.247,6.202,3.085,2.947,2.928
"1960-04",2.017,1.188,0.785,3.738,3.246,3.926,1.021,0.937,0.745,8.13,6.703,5.84,5.555,2.639,2.058,3.198,1.263,1.681,1.552,1.561,0.086,1.69,6.337,3.116,6.508,0.915,2.459,2.215,0.887,1.764,1.221,1.875,2.078,0.792,2.523,3.031,0.217,0.933,6.997,1.938,0.295,1.044,2.056,2.929,0.927,1.53,0.591,2.28,5.069,3.748,2.283,7.426,2.335,0.088,0.614,7.422,3.042,3.134,2.965
"1960-05",1.29,1.631,1.101,2.872,3.751,3.702,1.7,2.661,1.139,6.088,7.272,3.223,1.386,3.062,2.602,2.424,1.534,3.13,2.457,0.863,0.252,3.257,3.743,2.646,4.121,0.423,1.627,2.421,0.992,2.091,1.98,1.708,1.289,1.054,2.569,5.131,0.147,1.52,8.295,0.861,0.465,1.188,2.459,2.428,0.933,1.998,0.71,3.155,4.021,3.637,1.663,8.202,2.438,0.18,5.797,8.305,2.018,3.247,3.002
"1960-06",1.169,2.133,1.651,2.437,3.378,3.414,2.62,7.94,2.619,5.925,8.123,1.085,0.315,3.327,1.294,3.005,2.284,2.7,2.095,0.964,0.333,6.617,3.539,2.802,1.124,0.626,0.664,0.955,1.708,2.084,2.84,1.881,0.925,1.107,4.165,5.218,0.054,3.727,7.299,0.408,0.545,0.928,2.825,4.179,0.902,1.239,0.757,3.866,3.3,3.268,1.845,8.212,2.035,4.216,6.233,8.601,1.787,3.062,3.058
"1960-07",1.818,2.448,2.517,1.976,2.268,4.396,1.722,9.098,4.291,4.785,7.471,0.866,0.296,3.697,1.228,2.926,2.106,2.24,1.669,0.662,0.169,6.678,2.932,3.106,0.873,0.384,0.695,1.074,1.499,2.648,2.56,2.548,0.404,1.366,6.352,7.09,0.078,5.982,7.635,0.265,0.183,1.404,2.049,3.458,0.831,1.35,1.196,5.431,2.862,3.042,2.166,3.283,2.007,2.361,7.531,5.839,1.424,3.006,3.072
"1960-08",1.69,2.784,2.885,1.563,2.319,3.668,4.727,10.684,3.431,6.733,6.708,0.599,0.465,2.554,1.786,2.613,2.241,3.106,1.898,0.363,0.089,6.942,3.474,2.388,1.073,0.267,0.638,0.983,1.896,1.555,3.334,2.591,0.218,0.747,4.349,5.136,0.051,6.762,6.24,0.159,0.51,0.654,1.659,2.942,0.535,1.715,1.134,5.47,2.783,2.968,2.796,1.852,2.131,2.349,6.728,8.733,0.876,2.98,3.037
"1960-09",2.354,2.715,2.054,1.943,1.432,3.896,2.095,10.213,3.705,6.641,5.402,0.493,2.241,1.495,2.362,2.343,3.269,2.23,1.378,0.661,0.057,5.29,4.269,2.345,1.87,0.492,0.857,0.62,1.489,1.152,2.584,2.571,0.23,0.491,2.847,4.824,0.018,4.517,8.832,0.175,0.333,1.373,2.109,3.138,0.822,1.299,1.238,5.291,2.439,2.488,3.867,1.812,1.951,1.281,7.357,6.343,1.098,2.699,2.936
"1960-10",2.334,2.752,2.005,3.947,2.262,3.183,2.42,6.094,5.302,8.482,6.268,2.419,6.465,1.708,3.404,2.355,2.45,1.902,1.699,1.711,0.054,2.132,4.533,2.439,3.214,0.879,2.107,1.489,1.685,1.35,1.424,3.285,0.486,0.269,1.047,2.392,0.086,1.744,8.618,0.416,0.376,2.109,1.39,3.192,0.764,1.231,1.04,5.596,2.385,2.835,3.779,1.631,1.911,1.701,8.264,6.65,1.046,2.364,2.94
"1960-11",2.084,2.872,1.574,2.535,1.386,3.683,1.966,4.576,3.803,7.507,7.411,3.591,11.03,2.503,3.93,2.635,2.564,2.896,1.648,2.122,0.014,0.331,4.169,1.814,6.389,2.379,3.691,2.142,0.946,1.274,0.686,2.269,1.017,0.557,0.912,2.356,0.119,1.097,6.945,0.675,0.738,3.556,1.412,2.721,0.678,1.192,0.819,5.108,2.952,2.773,3.085,3.039,1.953,4.46,4.748,11.052,0.944,2.295,2.964
"1960-12",2.08,2.144,1.574,4.239,2.329,3.299,3.667,1.501,1.151,6.172,6.764,7.007,14.3,2.016,3.669,2.683,3.041,1.908,1.825,2.15,0.058,0.106,3.542,0.63,6.319,1.777,5.462,5.005,0.896,1.114,0.464,1.577,1.275,0.291,0.86,2.128,0.147,0.962,8.457,3.175,1.358,1.413,1.189,3.684,0.64,0.918,0.668,4.23,4.197,3.127,3.208,4.307,1.741,3.338,2.529,9.29,1.083,2.205,3.016
"1961-01",2.007,2.354,1.139,2.662,0.8,2.365,1.613,1.569,1.424,4.33,5.317,9.62,13.202,2.242,3.684,3.157,3.053,2.795,2.003,1.906,0.106,0.059,2.461,0.121,3.949,2.828,6.514,9.1,0.49,1.591,0.617,1.458,1.303,0.44,1.222,1.704,0.117,1.053,9.414,4.339,0.728,1.226,1.064,2.656,0.817,1.008,0.463,3.448,3.798,3.139,2.918,4.649,1.89,1.161,0.594,10.013,1.684,2.302,2.926
"1961-02",1.526,1.858,1.072,3.773,1.276,2.935,1.008,1.063,1.13,6.842,5.599,9.201,12.305,2.839,4.005,3.022,3.377,3.181,2.254,1.486,0.014,0.043,1.995,0.29,4.912,2.849,6.496,6.463,0.889,1.591,0.902,1.275,0.903,0.294,0.691,1.561,0.024,0.41,9.023,2.898,0.666,0.301,0.767,2.651,0.828,1.525,0.542,2.971,3.712,4.09,2.716,3.348,1.713,0.595,0.323,10.675,2.992,2.556,2.975
"1961-03",1.514,1.565,0.911,3.223,2.256,3.465,1.176,0.44,0.687,7.644,5.523,7.834,11.603,2.721,4.633,2.705,2.733,3.519,2.489,1.321,0.019,0.388,3.995,1.637,5.331,2.623,5.143,4.789,0.846,1.523,0.937,1.408,1.705,0.493,1.67,1.912,0.18,0.584,6.79,5.865,1.839,4.626,1.899,3.119,1.166,1.401,0.579,2.438,4.841,3.977,2.848,4.321,1.576,0.153,0.238,5.549,2.839,2.948,2.959
"1961-04",1.355,1.33,0.829,3.012,1.647,2.799,1.604,1.728,1.23,6.823,6.91,5.658,7.056,2.664,2.632,3.252,2.038,2.73,1.077,1.18,0.076,1.312,5.318,2.273,5.06,0.453,2.727,4.009,0.543,1.424,1.074,2.324,1.375,0.973,1.968,2.577,0.053,0.713,7.712,5.48,0.302,1.313,1.36,2.617,0.901,1.399,0.366,2.545,4.495,4.122,2.16,6.292,2.127,0.132,1.605,5.371,2.301,2.991,2.881
"1961-05",1.375,1.81,1.406,2.301,3.416,2.926,2.331,4.431,1.587,7.268,7.576,2.186,1.245,3.528,1.651,2.666,1.951,2.566,1.553,1.27,0.473,5.999,4.551,3.352,4.668,0.415,1.099,2.462,0.838,1.398,1.243,1.925,1.975,1.349,2.669,4.603,0.115,0.682,7.4,1.443,0.093,1.117,1.458,3.21,0.826,1.718,0.904,3.406,3.65,3.664,1.451,7.554,2.412,0.299,2.606,8.129,2.056,3.18,2.967
"1961-06",1.575,1.984,2.28,2.083,4.042,4.14,2.769,7.5,3.948,5.093,8.218,1.38,0.563,3.409,1.455,2.857,1.234,3.233,2.388,1.065,0.224,7.612,3.214,2.353,1.122,0.644,1.461,0.944,1.601,1.736,2.332,2.002,0.806,1.201,2.957,6.161,0.022,2.825,7.721,0.396,0.787,2.998,2.694,3.894,0.881,1.171,0.759,4.543,3.298,3.424,1.814,4.07,1.902,3.879,5.369,5.93,1.837,3.079,3.042
"1961-07",1.313,2.022,1.933,1.461,2.657,4.12,2.739,9.283,2.655,3.716,6.373,0.812,0.238,3.194,0.744,2.738,2.11,3.768,1.639,0.382,0.182,6.057,2.087,2.496,0.56,0.494,0.621,1.067,1.766,1.841,3.221,3.57,0.389,1.034,6.164,5.522,0.06,7.205,9.04,0.301,0.629,1.959,2.395,3.519,0.891,1.002,1.534,4.567,3.325,3.002,2.481,2.36,1.903,3.332,6.592,7.524,1.347,3.014,3.027
"1961-08",2.091,2.896,2.136,1.601,3.22,3.943,2.549,8.014,4.124,6.186,5.167,0.659,1.495,2.436,2.132,2.597,2.176,2.87,2.208,0.274,0.162,6.404,3.164,2.432,0.627,0.611,0.978,0.555,1.263,1.766,3.513,2.953,0.311,0.648,5.675,4.928,0.111,6.334,8.114,0.582,0.671,2.306,2.424,4.09,0.785,1.083,1.282,5.492,2.497,2.734,2.809,1.269,1.878,1.232,8.569,5.357,1.46,2.926,2.977
"1961-09",2.867,2.734,2.349,2.391,2.313,4.076,3.281,9.238,4.009,7.612,6.413,0.911,2.83,3.026,2.082,2.996,2.221,2.258,2.053,0.662,0.038,3.211,3.872,2.135,0.93,0.4,0.659,0.52,1.593,1.627,1.774,2.063,0.262,0.231,2.553,4.471,0.139,4.775,9.198,0.1,0.29,1.538,1.998,3.477,0.654,1.416,1.034,5.514,2.501,2.501,3.049,1.487,2.44,1.016,8.062,5.23,0.811,2.741,2.919
"1961-10",2.257,2.957,2.055,2.178,1.534,2.722,3.371,6.994,5.08,7.892,4.245,1.913,7.069,1.688,3.926,2.228,3.244,2.339,2.066,0.943,0.095,2.836,5.22,2.043,2.718,1.527,1.63,1.19,0.942,1.656,1.276,3.229,0.825,0.211,0.978,2.117,0.078,3.017,8.352,0.139,0.134,0.84,1.949,4.125,0.847,1.373,0.961,5.437,3.106,2.452,3.752,1.424,2.476,0.784,8.808,5.976,1.122,2.411,2.924
"1961-11",1.731,2.9,1.778,2.637,2.023,4.021,1.906,3.332,2.277,7.218,5.43,2.178,9.309,1.747,3.889,2.831,3.532,3.422,2.711,1.506,0.142,0.994,4.797,1.434,6.024,2.126,2.896,2.915,0.852,1.859,0.864,2.646,0.779,0.419,0.74,1.816,0.602,1.2,5.983,0.394,0.375,1.02,1.372,3.223,0.574,1.02,0.935,4.958,4.872,2.778,3.823,2.368,1.939,2.397,4.596,8.922,1.119,2.305,2.951
"1961-12",1.972,2.333,1.063,2.713,2.016,4.002,3.454,1.781,1.271,7.151,6.148,4.652,11.836,1.611,4.368,2.63,2.656,3.04,1.281,2.929,0.022,0.128,4.143,0.526,8.143,2.382,5.151,5.515,0.862,1.117,0.538,1.827,1.655,0.341,0.755,2.073,0.104,0.291,6.406,2.145,1.117,1.282,1.379,2.992,0.614,0.794,0.668,3.777,6.391,2.703,3.199,3.208,1.974,1.069,0.913,10.757,1.301,2.302,2.979
"1962-01",2.133,2.715,1.443,2.096,1.768,3.568,3.57,0.502,0.34,5.586,5.272,9.346,11.611,1.654,3.055,2.439,2.469,2.779,1.894,1.971,0.049,0.014,2.799,0.101,4.533,4.04,5.355,5.432,0.837,1.024,0.391,1.609,1.441,0.269,0.591,2.372,0.036,0.812,7.276,3.393,0.941,1.444,1.12,2.566,0.552,1.115,0.573,3.391,6.421,3.129,3.152,2.932,1.688,0.899,0.775,10.735,1.747,2.64,3.008
"1962-02",2.416,1.511,1.233,7.221,1.546,4.056,1.579,0.555,0.913,7.258,4.906,9.838,13.036,2.315,3.339,2.822,2.399,1.712,1.126,1.938,0.079,0.109,3.11,0.48,4.1,3.245,6.692,7.705,0.78,0.438,0.463,1.49,2.059,0.637,1.512,2.562,0.167,0.289,6.359,4.603,0.359,0.721,0.883,3.17,0.848,1.384,0.767,2.526,6.929,3.296,2.627,4.208,2.306,0.103,0.035,5.715,2.566,2.695,2.965
"1962-03",2.086,1.647,1.316,3.742,2.695,4.283,0.902,0.427,0.983,8.295,6.803,9.84,9.924,1.653,2.698,2.458,2.389,1.002,1.362,1.955,0.274,1.043,4.535,0.674,2.585,2.959,4.091,6.728,0.878,1.198,0.828,1.216,2.722,0.78,2.167,1.97,0.505,1.302,5.825,6.58,1.189,1.902,0.863,2.699,0.995,1.471,1.044,2.2,6.546,3.812,2.407,5.055,1.766,0.121,0.103,5.004,3.254,2.82,2.981
"1962-04",1.895,1.234,1.099,2.761,2.199,4.689,0.596,0.435,0.626,8.321,7.027,6.654,6.051,2.886,2.814,3.548,1.059,1.792,1.733,1.555,0.051,1.493,4.36,2.224,4.298,0.439,1.073,1.65,0.823,0.996,1.154,1.318,2.156,1.052,2.233,2.857,0.828,0.758,6.341,4.413,0.491,1.27,1.701,3.159,0.919,1.313,0.787,1.778,7.588,3.774,1.883,7.07,2.007,0.094,0.11,4.837,3.568,3.018,2.933
"1962-05",1.283,1.398,1.378,2.905,3.28,3.575,0.636,2.944,2.647,6.146,8.195,2.784,1.748,2.342,2.048,3.066,1.737,1.718,1.777,1.743,0.326,3.852,4.661,5.447,3.801,0.436,0.901,1.215,1.039,1.421,1.783,2.199,2.245,1.228,2.748,3.572,0.674,1.903,6.782,0.962,0.705,1.377,2.267,2.483,1.046,1.151,0.554,1.973,7.933,3.291,1.717,7.255,2.166,0.4,0.46,6.232,2.854,3.313,2.998
"1962-06",1.752,1.762,1.689,3.172,3.577,4.508,1.051,7.056,5.047,5.201,8.932,0.677,0.457,2.935,1.819,2.479,1.617,2.466,1.786,1.496,0.594,6.206,3.944,2.874,2.091,0.525,0.931,1.331,1.372,1.696,2.863,1.913,1.503,1.236,3.514,5.112,0.375,1.821,7.697,0.377,0.188,3.496,1.719,4.12,0.811,1.475,0.805,3.162,5.307,3.027,1.59,4.813,2.567,3.288,6.62,10.602,1.7,3.008,3.063
"1962-07",2.134,2.517,2.332,1.468,2.187,3.927,2.512,10.409,4.721,5.54,6.276,0.522,0.413,3.652,1.774,3.144,1.682,2.945,2.319,0.918,0.127,5.071,2.04,1.996,0.464,0.516,0.628,0.682,1.582,1.908,3.27,2.388,0.505,1.04,5.005,5.531,0.014,8.093,7.529,0.303,0.66,2.106,2.557,4.565,0.978,1.301,1.177,4.468,4.919,2.769,2.257,2.375,2.307,2.616,10.834,4.656,1.921,2.853,3.049
"1962-08",1.415,2.411,2.182,1.831,2.947,3.489,2.063,7.145,2.969,5.359,4.265,1.021,2.27,3.803,2.708,2.521,2.796,3.545,2.238,0.341,0.174,5.958,3.409,2.239,0.766,0.934,1.597,1.109,1.718,1.887,2.863,2.045,0.292,0.702,4.843,6.085,0.065,5.904,7.481,0.123,0.143,1.001,2.551,3.801,0.778,1.643,1.425,5.054,4.207,2.978,2.493,1.13,2.327,1.358,7.671,5.382,0.969,2.72,2.982
"1962-09",2.229,2.956,2.133,2.623,2.285,3.548,3.336,7.911,3.395,9.083,5.042,0.499,3.911,1.85,3.493,2.621,3.66,1.447,0.949,0.858,0.07,4.506,4.4,2.33,1.627,0.681,1.012,0.899,1.452,1.256,1.749,2.787,0.276,1.153,2.134,3.16,0.024,2.683,7.643,0.14,0.16,0.453,1.746,3.111,0.825,0.755,1.545,5.52,4.408,2.611,3.25,1.255,2.05,0.361,5.349,5.619,0.922,2.811,2.954
"1962-10",2.051,2.986,1.719,3.475,2.684,3.59,3.671,5.007,2.633,8.91,4.755,0.92,4.337,2.199,2.481,2.476,3.442,1.893,1.193,1.828,0.129,3.088,4.485,1.726,4.385,0.926,0.394,0.354,1.272,1.522,1.481,2.436,0.89,0.586,0.888,1.93,0.028,1.444,6.408,0.18,0.16,1.09,1.133,2.758,0.664,0.921,0.971,5.604,5.203,2.324,4.113,1.703,1.929,0.557,4.469,8.468,0.718,2.689,2.937
"1962-11",2.768,1.589,1.786,5.16,2.302,4.566,1.197,4.169,2.352,7.616,5.715,3.359,10.874,1.613,2.94,2.559,2.914,2.229,2.195,1.386,0.041,0.721,4.421,0.814,4.967,2.25,3.241,2.971,0.862,1.445,0.858,2.409,1.682,0.396,0.776,1.753,0.045,1.567,4.679,0.692,0.542,1.643,0.96,2.912,0.491,1.139,0.962,4.87,5.77,2.534,3.78,1.587,2.047,3.292,7.656,8.911,1.036,2.267,2.918
"1962-12",2.195,1.895,0.9,3.953,1.035,3.453,2.428,1.917,1.814,6.283,6.014,4.877,11.781,1.496,3.766,2.511,3.456,3.196,1.521,2.338,0.031,0.148,2.956,0.243,6.977,2.94,6.183,7.1,0.882,1.075,0.346,1.877,1.178,0.413,0.915,2.669,0.117,0.634,6.23,1.93,0.508,1.235,1.014,2.745,0.636,1.011,0.757,3.854,7.053,2.558,3.33,2.829,2.085,1.322,2.639,10.008,1.25,2.251,2.97
"1963-01",1.566,1.49,1.286,5.253,1.438,4.644,1.275,0.764,1.439,6.257,4.828,5.557,12.923,1.593,4.496,2.158,3.695,2.496,1.52,1.149,0.059,0.041,2.077,0.352,5.335,2.878,8.264,8.209,0.646,0.881,0.593,1.694,1.417,0.257,1.553,2.262,0.208,0.546,6.765,6.411,2.597,1.741,1.447,2.741,0.567,1.073,0.595,2.918,7.281,2.974,2.82,3.042,1.657,0.22,0.322,9.783,1.875,2.548,2.994
"1963-02",2.417,1.518,0.864,5.86,1.443,4.07,1.692,0.577,1.467,6.645,5.835,8.605,13.507,1.489,4.483,1.995,2.684,1.696,1.806,1.264,0.105,0.313,2.614,0.569,3.326,3.444,7.98,7.42,0.601,1.509,0.451,1.142,1.386,0.31,0.968,1.992,0.246,1.012,5.203,9.666,3.592,4.737,1.221,3.073,0.766,1.249,0.679,2.606,6.267,3.623,2.668,3.436,1.628,0.351,0.293,5.643,3.145,2.583,2.974
"1963-03",1.828,1.217,0.779,5.24,2.483,3.533,1.459,0.454,0.807,8.097,6.367,10.332,8.784,1.729,2.895,2.736,2.51,1.335,1.519,1.308,0.048,0.466,4.744,1.065,1.968,0.867,1.321,3.849,0.754,0.874,0.615,1.323,2.051,0.589,1.715,2.461,0.266,0.694,6.59,7.807,0.423,0.882,0.96,3.666,1.043,1.643,0.829,2.231,5.748,4.189,2.294,4.285,1.909,0.055,0.112,4.327,4.118,2.883,2.924
"1963-04",1.668,1.729,1.205,3.575,2.176,3.924,0.602,0.909,1.004,8.051,8.187,6.592,5.426,2.675,2.748,2.972,2.092,1.824,1.33,1.641,0.128,1.824,5.491,1.873,3.807,0.86,2.064,2.121,0.913,1.112,0.961,1.562,2.633,1.231,2.315,2.453,0.7,0.733,6.761,1.348,0.776,3.547,1.64,2.431,0.805,1.824,0.663,1.972,7.373,3.578,2.018,6.384,2.409,0.088,1.245,4.781,2.883,3.142,2.946
"1963-05",1.785,1.693,1.463,2.954,2.83,3.95,0.758,2.545,1.581,7.008,8.393,2.19,1.845,3.041,2.97,2.205,1.837,3.24,2.312,0.925,0.171,3.605,3.522,2.875,3.233,0.525,0.785,1.279,0.901,1.482,1.745,1.892,1.748,1.261,2.977,4.58,0.116,1.15,7.262,0.374,0.735,1.259,2.676,3.854,0.727,1.933,0.672,2.955,6.375,2.972,1.64,6.067,2.888,1.573,1.942,8.615,2.563,3.223,3.017
"1963-06",1.521,1.699,2.17,2.743,3.571,3.047,1.825,7.812,3.871,4.405,7.685,0.622,0.173,4.112,1.034,3.011,1.551,2.161,3.389,0.787,0.406,7.071,3.094,2.318,1.645,0.424,0.961,0.746,1.347,2.51,2.668,2.033,0.621,1.302,3.351,4.86,0.031,2.279,6.864,0.629,0.689,1.602,2.365,2.77,0.751,1.04,0.884,4.939,4.577,3.169,2.187,3.909,2.14,1.508,4.748,6.214,1.521,2.964,3
"1963-07",1.641,2.714,2.263,1.508,2.585,3.79,3.56,9.562,4.123,4.367,5.649,0.622,0.414,3.664,1.969,2.281,2.3,2.933,2.475,0.775,0.238,6.245,2.702,2.532,0.751,0.574,0.775,1.657,1.723,2.138,2.701,2.593,0.444,0.743,5.577,5.747,0.013,5.364,8.084,0.428,0.111,0.654,3.177,4.204,0.745,1.409,1.055,4.39,4.535,2.874,2.657,1.808,2.418,1.484,5.275,4.275,1.48,2.897,2.996
"1963-08",1.786,2.826,2.349,1.497,2.509,3.444,3.758,8,2.956,4.811,4.745,0.66,1.645,2.303,2.022,1.992,2.258,2.928,2.201,0.459,0.171,5.28,2.997,1.803,0.687,0.495,0.388,0.622,1.422,1.879,2.772,2.909,0.127,0.444,4.93,4.802,0.021,5.626,7.399,0.194,0.244,1.306,2.168,3.779,0.826,1.226,1.201,6.125,3.689,3.031,3.089,1.186,2.021,1.42,6.627,3.379,1.014,2.682,2.967
"1963-09",2.555,2.79,2.23,1.678,1.981,3.748,3.535,8.777,4.747,6.704,5.377,0.841,2.489,2.367,2.151,2.441,2.508,2.743,1.752,0.995,0.115,4.264,4.31,2.216,1.592,0.314,0.425,0.677,1.448,1.391,1.626,2.977,0.509,0.515,2.278,2.919,0.109,2.397,6.353,0.13,0.134,0.835,1.718,2.851,0.901,1.323,1.122,6.144,4.059,2.496,3.696,1.326,1.989,0.598,5.645,4.098,0.957,2.596,2.891
"1963-10",2.188,2.782,2.328,1.84,1.993,3.063,3.326,6.176,4.624,8.212,5.18,1.019,5.165,2.157,3.268,2.376,3.551,1.424,1.982,1.859,0.336,4.261,5.429,2.946,4.216,0.948,1.216,0.707,1.611,1.808,1.428,2.578,1.347,0.685,1.427,1.783,0.332,1.957,5.914,0.078,0.44,1.097,1.074,2.372,0.836,1.016,0.954,4.929,4.324,2.23,4.133,1.293,1.91,2.34,7.753,7.778,1.55,2.529,2.898
"1963-11",2.61,2.179,1.305,3.633,2.681,4.463,2.32,4.012,2.101,7.813,6.23,3.199,9.112,1.364,4.178,2.09,2.522,2.168,1.353,2.798,0.223,1.248,4.484,2.265,7.871,2.182,3.416,2.207,0.853,1.621,0.832,2.267,2.173,0.355,1.005,2.206,0.493,0.827,4.811,0.309,0.355,0.824,1.902,2.854,0.525,1.118,0.735,4.907,5.212,2.42,4.141,2.009,2.036,2.623,4.474,7.36,1.256,2.439,2.94
"1963-12",2.271,2.69,1.147,2.088,1.955,3.64,4.055,2.097,1.635,7.094,6.457,3.457,9.313,1.892,4.217,2.717,3.332,1.466,1.807,1.595,0.054,0.323,3.433,1.396,9.12,2.326,5.557,5.841,0.915,1.09,0.374,1.497,1.969,0.461,1.032,3.076,0.12,0.336,5.51,0.912,0.62,2.097,1.206,2.854,0.515,0.968,0.893,3.65,6.948,2.462,3.683,3.506,1.737,0.881,0.586,11.713,1.449,2.214,2.959
"1964-01",2.446,2.028,0.966,3.44,1.534,4.568,2.614,1.206,1.54,5.721,3.887,7.571,14.052,1.744,3.641,2.76,3.497,1.486,1.636,1.631,0.116,0.021,2.624,0.657,6.116,3.602,6.321,6.835,0.86,1.22,0.396,1.138,1.681,0.36,0.921,2.613,0.467,0.453,5.965,3.502,0.761,1.497,0.985,2.394,0.742,1.039,1.011,2.813,8.51,3.16,3.085,3.46,1.85,0.117,0.189,7.947,1.774,2.491,3.007
"1964-02",2.052,1.794,1.183,2.909,1.626,4.436,3.149,1.249,1.654,5.549,5.102,6.74,11.768,1.191,4.699,2.822,2.572,2.38,1.817,2.128,0.151,0.128,3.659,1.308,5.012,2.779,5.919,5.622,0.501,1.58,0.707,1.274,2.457,0.392,0.913,1.547,0.895,0.351,5.49,8.06,2.354,6.019,0.779,2.386,0.769,1.449,0.495,2.591,7.801,3.255,3.504,2.892,1.559,0.166,0.498,6.116,2.561,2.857,3.03
"1964-03",2.032,2.165,1.007,2.438,2.015,3.463,1.027,0.395,0.78,6.69,5.887,7.532,11.568,2.259,4.283,2.606,2.565,1.361,0.842,2.257,0.155,0.629,5.03,0.576,3.357,1.432,3.164,8.285,0.842,0.972,0.706,1.259,2.394,0.869,2.59,2.511,0.206,0.563,6.155,7.258,3.152,1.666,1.67,2.635,1.084,1.634,0.79,1.82,8.335,3.275,2.474,5.196,1.982,0.032,0.067,6.344,2.897,2.913,3.03
"1964-04",1.975,1.556,1.44,3.552,4.27,3.032,0.959,1.003,1.199,7.529,6.207,4.385,6.702,2.548,2.938,2.645,2.072,1.328,2.227,1.304,0.144,2.586,5.36,1.709,3.868,0.53,1.191,1.929,0.696,1.086,0.947,1.088,2.671,1.645,2.861,3.807,0.112,0.393,6.566,3.767,0.444,1.659,1.529,2.735,0.901,1.652,0.929,1.695,7.168,3.884,1.53,8.007,1.927,0.01,0.09,5.441,3.141,3.016,2.931
"1964-05",1.677,1.736,1.603,3.282,2.954,2.749,1.509,4.333,2.947,7.818,9.097,2.71,0.566,4.626,1.219,3.521,1.282,2.652,1.451,1.418,0.446,3.09,4.221,3.719,6.471,0.188,1.07,1.555,1.342,1.865,1.794,1.324,1.955,1.067,3.025,4.371,0.383,0.915,6.704,0.442,0.373,0.878,2.161,3.02,0.899,1.2,0.816,2.124,6.785,3.431,1.495,7.909,2.149,0.099,1.206,8.289,2.053,3.009,2.96
"1964-06",1.815,2.097,1.911,2.677,4.895,3.679,2.426,7.047,3.584,4.598,7.459,0.906,0.35,3.171,1.27,2.924,1.829,2.408,1.901,1.651,0.543,6.435,3.255,2.362,1.052,0.349,0.716,0.865,1.176,2.305,2.225,2.369,1.492,1.468,3.652,4.879,0.05,3.157,8.467,0.648,1.679,3.836,2.472,4.832,0.987,1.049,0.838,3.351,4.71,2.94,1.396,6.718,2.113,3.75,9.995,8.597,1.663,3.025,3.054
"1964-07",2.204,2.569,2.454,1.905,3.469,3.945,4.739,12.572,3.963,6.382,7.747,0.719,0.663,4.32,1.888,2.783,1.989,2.874,1.905,1.033,0.287,6.841,2.706,2.454,1.368,0.456,0.575,0.829,1.868,1.982,2.806,1.814,0.593,1.539,5.119,6.658,0.016,5.197,7.402,0.377,0.715,2.064,2.84,4.19,0.699,1.19,1.067,4.138,3.598,3.148,2.001,3.233,2.463,1.883,5.975,6.352,1.218,2.846,3.054
"1964-08",1.678,2.856,2.339,1.568,3.053,4.264,2.937,8.012,3.302,4.723,5.162,0.496,0.407,2.198,1.198,1.981,2.877,2.624,1.821,0.52,0.206,6.758,3.505,2.585,0.92,0.355,0.473,0.523,1.854,1.714,2.542,3.029,0.398,0.815,5.867,6.754,0.113,7.492,9.471,0.199,1.106,1.67,2.504,3.682,0.759,1.305,1.451,4.927,3.106,2.784,2.891,2.034,1.787,2.707,9.633,4.476,1.177,2.939,3.026
"1964-09",2.483,3.096,2.566,1.571,3.375,3.327,3.823,9.369,5.126,7.57,5.516,0.393,2.056,2.691,1.904,2.218,3.361,1.344,1.892,0.541,0.035,3.895,4.309,1.843,1.192,0.251,0.497,0.568,1.999,1.309,1.463,1.979,0.309,0.787,3.491,3.093,0.033,5.114,8.635,0.189,0.265,1.649,1.335,3.127,0.667,1.541,1.445,5.451,2.845,2.464,3.363,2.021,2.023,1.775,9.181,5.298,1.068,2.729,2.914
"1964-10",2.34,2.576,2.561,1.712,2.618,3.79,3.773,7.296,3.336,7.816,5.765,0.561,5.844,2.063,3.035,2.514,3.264,3.076,1.968,1.58,0.029,2.284,5.42,1.866,2.933,1.121,1.462,1.946,1.728,1.071,1.074,2.773,0.269,0.604,0.904,2.263,0.034,2.187,7.82,0.201,0.284,1.742,0.922,2.651,0.661,1.331,1.067,5.144,3.025,2.54,3.92,2.355,2.155,1.493,7.4,7.853,1.067,2.541,2.917
"1964-11",1.791,2.36,1.716,4.566,2.094,2.602,1.834,4.206,3.379,6.983,8.434,4.256,10.007,1.356,2.874,2.431,3.343,2.855,1.607,1.562,0.014,0.48,4.726,0.406,4.728,1.945,3.169,2.077,1.019,1.592,0.994,2.676,1.12,0.32,0.543,1.617,0.146,1.049,7.851,0.366,0.556,2.039,0.904,3.07,0.711,1.122,0.877,4.875,3.61,2.878,3.349,3.725,1.716,2.857,7.957,9.745,0.731,2.376,2.953
"1964-12",1.819,2.49,0.879,4.062,2.314,3.176,2.247,1.691,1.115,6.123,6.373,5.277,12.802,1.608,5.071,2.796,3.376,2.778,2.09,1.968,0.043,0.143,3.937,0.486,5.383,2.616,5.018,3.187,0.645,1.31,0.626,1.963,1.61,0.346,0.784,1.674,0.265,0.206,7.781,1.277,0.822,1.955,1.622,2.536,0.571,0.691,0.724,3.838,5.912,2.749,3.565,3.91,1.908,1.179,0.385,10.437,1.201,2.307,2.977
"1965-01",2.602,2.215,0.769,4.699,1.289,2.702,1.546,1.242,1.087,4.61,3.892,9.27,10.988,2.654,4.087,2.774,3.224,2.423,1.428,1.616,0.02,0.025,3.102,0.546,5.917,3.888,6.961,5.623,0.703,1.485,0.679,1.428,1.713,0.276,0.718,1.305,0.401,0.164,8.427,7.975,2.935,3.574,1.535,2.43,0.583,0.759,0.678,3.175,4.754,3.529,3.028,4.128,2.001,0.183,0.287,9.572,1.661,2.417,3.001
"1965-02",1.633,1.713,1.206,3.18,1.934,3.394,1.749,0.905,1.27,5.273,5.593,8.812,15.166,2.037,4.969,2.494,2.692,2.906,2.019,2.396,0.039,0.125,3.796,0.742,3.654,3.364,5.372,8.126,0.727,0.683,0.509,1.329,1.351,0.334,1.299,1.915,0.49,0.803,7.079,9.079,2.664,3.83,1.001,2.831,0.724,1.423,0.597,3.1,3.979,3.759,2.837,3.487,1.723,0.11,0.106,5.939,2.909,2.541,2.957
"1965-03",1.526,2.005,1.192,2.562,1.865,4.232,0.615,0.777,0.756,7.49,5.894,10.111,12.734,2.245,2.415,2.488,2.042,2.324,1.397,1.557,0.031,0.582,4.683,1.236,3.205,2.217,4.39,6.226,0.469,1.276,1,1.614,1.817,0.823,1.537,2.576,0.289,0.304,8.398,6.333,0.249,0.958,0.857,2.804,0.957,1.803,0.661,2.26,5.448,3.533,2.3,4.982,2.112,0.257,0.67,5.317,2.928,2.935,2.949
"1965-04",1.71,1.335,1.067,1.926,1.984,2.948,1.941,1.107,0.541,6.795,6.073,7.515,9.07,2.287,1.317,3.266,1.626,1.735,1.966,2.002,0.183,2.059,6.675,2.746,5.036,1.073,2.981,2.876,0.578,1.611,1.126,1.836,1.855,0.935,2.78,3.326,0.109,1.375,6.451,2.01,0.097,1.193,1.695,2.804,1.023,1.407,0.597,2.369,4.992,3.684,1.955,6.821,2.465,0.34,0.628,7.246,2.291,3.028,2.891
"1965-05",1.063,1.281,1.094,3.798,4.154,3.106,1.697,2.985,1.782,7.531,8.352,3.758,1.74,2.659,1.546,3.102,1.949,2.246,1.565,1.397,0.368,4.437,5.167,4.277,2.73,0.866,1.051,1.512,1.079,1.508,1.55,1.829,1.568,0.985,3.305,3.762,0.39,0.876,6.564,1.419,0.239,0.577,1.68,3.603,0.939,1.198,0.761,3.413,4.006,3.389,1.816,8.862,2.054,1.151,1.291,6.497,2.862,3.082,2.936
"1965-06",1.055,1.73,1.486,2.452,3.68,4.267,2.333,9.605,3.308,4.302,8.065,0.936,0.234,2.912,0.677,2.48,1.838,3.266,2.384,1.119,0.57,6.561,3.78,3.081,1.521,0.161,1.124,1.567,1.4,1.806,2.359,1.731,1.043,1.178,4.092,5.924,0.466,1.023,6.787,0.575,1.655,2.558,2.049,3.77,0.993,1.166,1.008,3.774,3.229,3.423,1.657,7.269,2.078,5.327,2.757,7.853,1.641,3.039,2.988
"1965-07",1.71,2.556,2.211,2.432,4.23,3.929,1.502,7.987,2.218,5.978,8.385,0.598,0.488,3.023,1.515,2.53,2.448,2.42,2.179,0.628,0.314,6.57,2.728,2.048,1.092,0.631,0.449,0.604,1.755,2.27,3.169,2.723,0.453,0.883,6.147,6.88,0.031,6.936,6.844,0.403,0.463,3.504,2.11,3.79,0.579,1.824,1.486,4.71,4.225,3.233,1.975,3.615,2.567,4.048,8.88,4.932,1.086,3.085,3.106
"1965-08",1.355,2.85,2.252,1.128,2.433,3.993,2.397,9.347,3.16,5.648,6.372,0.456,0.926,2.526,2.099,2.298,2.024,2.833,1.877,0.461,0.094,5.993,2.958,2.413,0.699,0.342,1.068,0.632,1.711,2.038,2.907,3.005,0.274,0.635,4.448,4.787,0.03,7.119,7.889,0.197,0.386,1.365,2.804,3.647,0.756,1.728,1.304,5.009,3.641,2.946,2.642,2.324,2.068,2.941,11.414,5.989,1.023,2.745,3.006
"1965-09",1.984,2.726,2.09,1.753,1.955,3.744,5.332,8.815,4.196,8.081,5.195,1.291,2.961,2.295,3.027,2.53,3.279,3.063,1.946,0.556,0.15,4.576,4.135,2.151,1.35,0.283,0.81,1.062,1.463,2.034,2.225,2.698,0.114,0.416,3.191,2.281,0.057,3.421,6.919,0.066,0.089,1.175,1.934,3.446,0.87,1.265,1.32,5.991,2.631,2.776,3.495,1.94,2.091,0.769,5.449,4.734,0.98,2.61,2.905
"1965-10",2.155,2.485,1.551,2.254,2.118,4.122,1.452,6.957,3.544,8.597,6.678,1.194,6.379,1.93,3.316,2.128,3.453,2.028,1.612,1.692,0.478,7.622,6.55,4.638,6.225,1.234,1.847,0.962,1.324,1.293,1.219,2.717,1.84,0.266,1.262,2.348,0.397,1.688,5.959,0.186,0.298,0.938,1.29,2.731,0.588,1.49,0.857,4.943,3.77,2.513,3.534,2.198,2.048,3.923,3.542,5.544,1.023,2.513,2.913
"1965-11",2.703,2.428,1.625,4.256,2.133,4.588,1.427,5.444,2.097,8.999,9.129,1.996,8.951,1.247,4.382,2.252,2.781,1.433,1.968,1.781,0.117,0.809,5.638,2.591,7.99,1.77,2.699,2.183,0.819,1.827,0.829,2.24,2.235,0.553,0.911,2.887,0.603,0.26,7.451,0.641,0.343,1.947,1.146,2.52,0.727,1.011,1.064,4.846,3.982,2.432,3.631,5.598,1.636,1.037,3.084,5.599,0.986,2.481,2.968
"1965-12",1.956,2.341,0.894,3.056,1.341,2.753,2.935,1.523,0.944,5.61,6.392,8.164,11.463,1.917,3.596,2.61,3.461,2.099,1.65,2.264,0.045,0.109,4.845,0.831,9.025,2.186,4.5,5.428,1.02,1.498,0.784,1.314,2.206,0.301,1.04,1.821,0.201,0.258,6.347,1.13,0.982,1.759,0.844,2.745,0.481,0.941,0.718,4.085,6.096,2.88,3.114,5.298,1.928,0.666,1.347,9.502,1.253,2.344,2.99
"1966-01",2.702,1.231,1.183,5.806,1.202,4.142,2.578,1.325,1.155,4.953,5.408,9.567,12.329,1.86,3.611,2.665,2.215,2.506,1.449,2.842,0.176,0.097,4.119,0.712,8.827,2.578,7.131,6.381,0.89,1.017,0.767,1.864,2.079,0.131,1.141,1.578,0.621,0.893,6.63,6.231,1.983,2.489,1.133,2.63,0.604,1.041,0.666,3.284,6.26,3.295,2.767,4.605,1.689,0.95,0.372,6.717,1.473,2.451,3.019
"1966-02",2.612,1.191,0.998,6.184,2.028,4.287,1.502,0.644,0.98,5.616,5.577,10.187,11.929,2.049,3.355,2.716,2.379,0.683,1.42,2.029,0.088,0.257,4.467,1.058,5.424,3.469,7.552,6.491,0.79,1.263,0.498,1.153,2.156,0.387,1.916,1.952,0.65,0.743,5.114,9.111,1.325,3.939,0.678,2.717,0.669,1.084,0.889,2.731,5.483,3.945,2.64,5.149,1.91,0.3,0.11,5.43,2.083,2.812,2.987
"1966-03",1.932,1.796,0.886,3.259,1.979,2.64,1.665,0.605,0.666,6.196,6.254,8.539,10.95,1.747,3.109,2.349,3.491,1.911,1.986,0.98,0.107,0.586,4.104,0.828,3.887,2.665,4.336,8.486,0.881,1.307,0.6,1.187,2.061,0.611,2.458,2.691,0.178,0.786,6.682,4.605,0.623,2.551,1.124,2.843,0.889,2.002,0.841,2.814,4.475,3.746,2.164,5.56,1.844,0.066,0.095,5.282,3.763,2.768,2.904
"1966-04",1.637,1.556,1.082,3.584,2.958,2.957,2.094,0.907,0.296,6.829,8.187,6.055,6.698,2.487,1.855,2.967,1.963,1.504,1.619,1.396,0.069,2.078,4.859,1.96,3.794,0.621,2.159,2.856,1.211,1.848,0.989,1.726,2.432,1.165,2.228,2.27,0.183,1.072,7.644,3.702,0.07,0.779,1.002,4.127,0.93,1.551,0.915,2.875,4.516,3.658,2.158,6.364,1.821,0.06,0.708,5.581,2.781,2.922,2.879
"1966-05",1.6,1.783,1.649,2.584,4.483,3.091,2.192,2.8,1.716,7.01,8.794,3.676,1.674,3.15,1.197,3.723,1.767,2.633,2.529,1.153,0.138,3.67,4.77,2.926,4.833,0.813,1.586,2.223,0.877,1.916,1.854,2.066,1.511,1.068,2.788,4.012,0.034,1.123,7.996,0.73,0.168,0.636,1.481,2.767,0.975,1.286,0.957,3.592,3.749,3.91,1.308,7.658,1.936,0.104,2.551,6.692,2.049,3.23,2.985
"1966-06",1.56,1.905,2.064,2.027,3.101,4.194,2.902,9.348,3.209,4.345,7.492,1.002,0.684,3.372,2.037,2.382,1.533,3.219,2.87,1.295,0.452,5.825,2.708,2.921,1.458,0.266,0.589,0.971,1.391,2.193,2.779,2.242,0.715,1.621,3.104,4.632,0.069,3.881,6.777,0.308,1.691,1.056,3.258,3.034,0.856,1.446,1.052,3.873,3.231,3.518,1.831,5.798,2.163,4.93,6.073,8.524,1.99,3.167,3.044
"1966-07",2.244,2.136,2.406,2.413,2.749,3.407,3.313,9.634,2.886,3.808,7.272,0.54,0.199,3.366,0.705,2.707,1.639,3.478,2.368,0.586,0.157,6.267,2.208,2.361,0.824,0.38,0.83,0.856,1.655,2.566,3.155,2.358,0.365,1.393,5.144,6.596,0.012,6.368,6.906,0.513,1.411,3.201,2.559,3.773,0.76,1.212,1.212,5.089,2.992,2.911,2.293,2.717,2.037,3.269,5.438,7.437,1.81,2.862,3.024
"1966-08",2.038,2.948,2.44,1.616,2.68,4.216,2.529,7.383,3.682,5.375,6.545,0.367,0.421,2.781,1.412,2.538,2.578,2.233,2.136,0.411,0.076,5.023,2.883,1.929,0.701,0.52,0.783,1.233,1.98,1.741,2.268,3.483,0.359,0.599,4.91,5.924,0.013,5.837,7.522,0.13,0.408,0.836,2.885,3.597,0.858,1.219,1.244,5.428,3.27,2.933,2.541,2.114,2.179,0.933,7.327,7.557,1.096,2.874,3.021
"1966-09",1.802,2.83,2.527,1.947,2.337,3.821,3.77,8.163,5.614,6.625,4.94,0.439,2.812,2.367,3.275,2.692,3.133,2.133,1.678,0.655,0.023,3.14,3.552,1.665,0.767,0.499,0.701,0.96,2.126,1.615,1.749,2.347,0.368,0.528,3.167,3.406,0.028,4.224,7.821,0.156,0.299,0.865,1.393,3.005,0.559,1.126,1.352,6.191,3.104,2.578,3.199,1.581,2.146,0.841,8.946,5.399,0.954,2.7,2.941
"1966-10",2.896,3.144,2.073,2.256,2.524,2.849,3.366,5.923,3.437,8.144,4.649,1.499,6.468,1.887,3.411,2.284,2.703,0.829,1.013,2.062,0.209,3.4,4.651,1.694,2.855,0.967,2.081,1.793,1.584,1.785,1.302,2.82,1.304,0.443,1.017,2.244,0.075,1.249,6.365,0.123,0.446,0.872,1.233,3.601,0.813,0.692,1.273,5.34,3.247,2.468,4.278,1.515,2.199,1.238,5.818,7.537,1.133,2.474,2.876
"1966-11",1.714,2.823,1.534,3.198,1.299,4.183,2.937,4.808,2.72,8.795,6.803,2.787,9.656,1.565,4.194,2.414,3.989,2.715,2.436,1.475,0.057,1.234,4.709,1.245,6.189,1.102,2.375,1.768,1.197,1.547,0.774,1.542,1.323,0.501,0.863,2.537,0.116,0.498,7.779,0.317,0.314,1.463,1.103,2.808,0.426,0.767,0.804,5.037,3.982,2.61,3.37,2.843,1.973,2.524,5.335,9.432,1.071,2.382,2.963
"1966-12",1.865,2.327,1.165,4.217,1.557,3.745,1.473,1.391,1.519,7.108,6.037,6.699,10.204,1.838,3.767,2.485,3.372,2.932,1.527,2.427,0.025,0.145,3.457,0.102,4.161,2.56,5.007,5.888,0.875,0.52,0.691,1.908,1.249,0.21,0.692,2.182,0.057,0.701,7.813,1.575,0.717,1.45,1.394,2.177,0.547,0.845,0.879,3.544,6.871,2.766,3.241,3.736,1.583,1.29,1.956,10.856,1.504,2.442,3.003
"1967-01",2.09,2.213,1.075,4.316,1.672,3.784,2.171,0.735,0.63,4.924,3.307,9.3,13.508,1.913,4.339,2.674,2.797,1.832,1.619,2.148,0.121,0.026,2.345,0.058,3.212,3.342,5.634,7.944,0.613,1.258,0.375,1.538,1.562,0.295,0.677,1.793,0.058,0.208,7.672,3.032,0.777,2.385,1.203,2.943,0.781,0.751,0.775,2.997,7.222,2.927,3.362,2.641,1.739,0.242,0.558,9.609,3.389,2.28,2.994
"1967-02",2.376,1.616,1.034,3.786,0.941,2.583,2.137,0.598,0.953,6.131,3.717,8.174,12.222,1.521,4.087,2.781,3.245,2.178,1.779,1.208,0.025,0.039,3.219,0.123,3.838,3.549,3.362,8.744,0.443,1.12,0.587,1.224,1.653,0.285,1.035,2.094,0.066,0.354,7.548,8.935,1.556,1.315,1.027,2.792,0.798,1.246,0.74,2.528,5.988,3.73,2.823,3.153,2.181,0.056,0.11,7.112,3.308,2.407,2.947
"1967-03",2.17,1.637,1.333,4.399,2.694,4.072,0.622,0.379,1.053,8.851,6.227,6.761,11.473,1.688,3.985,2.992,2.285,2.672,1.686,1.865,0.031,0.755,4.986,0.813,2.766,2.257,3.381,6.827,0.914,1.489,0.857,1.39,2.213,0.711,1.483,1.822,0.34,0.331,6.877,5.191,0.539,1.542,1.3,2.875,0.997,1.092,0.685,1.896,6.095,4.296,2.365,4.932,1.551,0.05,0.085,5.566,2.81,2.819,2.947
"1967-04",1.119,1.656,1.384,2.544,2.126,3.234,0.494,0.953,0.844,8.19,8.39,5.779,5.866,2.067,2.362,3.384,1.957,2.218,1.5,1.343,0.042,1.365,4.846,1.417,3.281,1.551,2.095,1.815,0.725,2.006,1.229,1.582,1.677,1.192,2.634,2.94,0.191,0.919,7.09,1.571,0.454,0.517,1.959,3.325,1.03,1.098,0.522,2.048,6.987,3.79,1.852,6.618,2.154,0.213,0.477,5.284,3.011,3.239,2.941
"1967-05",1.252,1.34,1.527,2.388,3.498,3.793,0.964,4.139,1.917,7.56,8.945,3.072,1.378,3.245,1.175,4.266,1.822,1.942,2.069,1.124,0.307,3.979,3.491,4.066,2.057,0.487,0.64,1.721,1.118,1.92,1.428,2.538,1.413,1.377,3.369,4.014,0.173,1.296,7.485,0.295,0.049,0.641,1.431,4.038,0.881,1.282,0.651,2.625,5.656,3.278,1.38,7.256,2.253,0.403,3.502,7.308,2.601,3.118,2.92
"1967-06",1.148,1.602,1.631,1.717,4.338,4.561,3.275,9.574,2.081,5.79,9.6,1.043,0.219,4.64,0.882,3.475,2.012,3.272,2.258,1.512,0.476,6.703,3.43,2.195,1.124,0.514,0.8,0.77,1.414,1.391,2.602,2.522,0.874,0.954,3.685,5.437,0.031,2.687,7.874,0.29,0.392,0.901,2.995,3.284,0.74,1.462,0.943,3.793,4.62,3.299,1.71,4.095,2.081,4.701,5.112,7.04,1.607,2.942,3.036
"1967-07",1.575,2.881,2.91,1.159,3.134,4.592,2.163,7.473,3.425,4.793,6.556,0.604,0.381,2.819,0.85,2.862,2.32,2.193,2.413,0.519,0.185,6.679,2.752,2.246,0.772,0.554,1.088,1.207,2.158,1.899,3.196,1.772,0.334,0.883,5.263,7.088,0.032,5.494,8.712,0.282,0.102,1.633,2.241,4.628,0.854,1.292,0.974,4.711,4.015,3.123,2.035,2.239,2.432,1.844,6.206,4.649,0.946,2.835,3.019
"1967-08",1.659,3.056,2.556,0.85,3.719,3.522,2.254,7.08,3.583,6.012,5.604,0.469,0.773,3.732,1.892,2.263,2.696,2.076,1.679,0.302,0.103,6.322,3.586,2.373,0.792,0.721,1.797,0.85,1.812,2.111,2.638,3.366,0.197,1.098,5.097,5.982,0.029,6.348,7.01,0.276,0.687,2.36,1.7,3.568,0.869,1.757,1.363,5.112,3.576,2.913,2.639,1.529,2.385,3.04,6.018,4.46,1.096,2.685,2.964
"1967-09",2.224,2.763,2.501,1.497,1.586,4.199,3.989,6.976,4.01,6.496,4.065,0.425,3.525,2.398,2.688,2.607,3.122,2.528,1.803,0.489,0.064,3.058,3.637,1.478,1.375,0.727,0.599,1.036,1.569,0.704,1.666,3.262,0.098,0.649,2.706,3.608,0.026,3.662,7.547,0.077,0.03,0.177,1.907,3.313,0.653,1.121,1.408,6.46,4.013,2.699,3.404,1.181,2.032,1.166,6.314,3.673,0.803,2.538,2.927
"1967-10",2.31,2.792,1.753,2.132,2.819,2.843,4.046,5.175,4.939,8.103,5.945,1.977,8.127,3.179,4.281,2.26,3.364,1.909,1.259,1.114,0.067,2.892,6.369,4.649,5.296,1.227,1.378,1.581,1.429,1.278,1.411,2.597,1.618,0.561,1.423,1.941,0.404,1.215,5.418,0.148,0.119,0.724,1.14,2.84,0.631,1.656,1.166,5.298,4.502,2.43,4.138,1.439,2.005,1.516,4.806,6.279,1.114,2.367,2.923
"1967-11",2.238,2.491,1.515,4.409,2.516,4.352,2.017,5.204,2.722,8.958,6.237,1.945,7.343,2.173,3.59,2.515,3.294,2.297,1.295,1.779,0.044,0.435,5.002,4.319,9.257,1.796,3.114,2.509,1.038,1.054,0.929,2.04,1.912,0.577,2.062,3.085,0.243,0.763,4.017,0.197,0.511,0.465,1.111,2.161,0.551,0.905,0.94,5.333,5.102,2.634,3.296,2.639,1.905,1.525,3.112,8.467,1.066,2.504,2.96
"1967-12",2.343,2.026,1.198,4.622,1.587,4.113,1.848,1.477,1.236,6.304,5.49,4.641,11.633,1.651,5.188,2.523,2.508,1.95,1.178,2.509,0.038,0.158,4.201,0.531,9.301,2.241,5.79,6.637,0.889,1.081,0.527,1.725,1.258,0.224,2.15,2.294,0.139,1.294,5.332,0.957,0.267,0.419,1.009,2.885,0.675,0.944,0.929,3.592,7.394,2.516,3.219,3.373,1.938,2.683,3.64,8.365,1.501,2.243,2.928
"1968-01",2.56,2.183,1.162,2.657,0.873,3.011,1.98,1.152,1.424,5.701,4.103,6.669,12.333,2.212,4.898,2.528,2.907,2.405,1.46,2.48,0.038,0.068,2.784,0.082,4.393,4.093,5.818,7.472,0.58,0.622,0.264,1.635,1.846,0.459,1.177,2.448,0.056,0.349,6.444,4.112,1.232,1.424,1.061,3.023,0.505,1.084,0.584,3.134,7.493,2.925,3.276,3.181,1.701,0.789,0.373,10.313,1.713,2.444,2.985
"1968-02",2.264,1.579,1.207,2.805,2.962,3.807,3.617,0.781,1.307,6.813,3.714,6.026,11.916,2.959,4.711,3.521,2.147,2.656,1.415,1.994,0.083,0.13,3.044,0.274,3.695,3.875,5.592,7.414,0.423,1.328,0.473,1.886,1.671,0.64,1.688,2.238,0.205,0.194,5.115,9.257,2.039,1.262,0.984,2.371,0.769,1.526,0.6,2.506,6.954,3.965,2.603,3.155,1.936,0.154,0.212,8.29,2.408,2.703,3.018
"1968-03",1.632,1.451,0.945,2.721,1.245,2.534,1.338,0.435,0.667,6.859,5.086,9.128,12.346,2.476,2.92,3.041,2.187,2.058,1.457,1.992,0.048,0.611,3.751,2.341,6.059,3.308,4.846,4.764,0.746,1.404,0.711,1.105,1.763,0.329,2.276,2.569,0.535,1.169,5.986,4.025,1.349,2.094,1.626,1.535,1.066,1.557,0.66,2.163,6.652,3.513,3.259,3.321,2.374,0.076,0.122,5.567,3.481,2.897,2.95
"1968-04",1.522,1.182,1.158,3.959,2.63,3.882,1.305,0.776,1.265,7.057,6.832,6.524,8.869,2.417,2.661,2.872,2.009,2.176,2.185,1.453,0.108,1.653,4.81,2.222,4.294,0.566,1.782,3.527,0.922,1.3,0.998,1.532,2.31,0.84,2.481,2.706,0.446,0.997,7.515,2.065,0.201,0.594,1.035,2.721,1.142,1.493,0.649,1.858,6.868,3.473,1.766,6.23,2.501,0.062,0.22,7.183,2.691,3.038,2.929
"1968-05",1.924,1.787,1.539,2.842,3.211,2.978,1.28,4.652,3.659,7.107,8.452,2.673,1.079,3.598,1.266,3.022,1.455,2.564,2.85,1.208,0.235,3.405,5.205,2.836,4.559,0.926,1.473,1.069,1.052,1.92,1.74,1.846,1.165,1.399,3.034,4.453,0.252,1.329,7.84,0.65,0.49,1.602,2.076,3.144,0.972,1.405,0.667,2.448,5.466,3.485,1.72,8.299,2.32,0.07,4.478,6.855,2.127,3.048,2.977
"1968-06",1.558,2.233,1.724,2.509,4.173,3.823,1.175,9.088,3.181,5.156,7.931,0.857,0.442,3.827,1.286,3.026,1.485,3.042,2.373,0.945,0.285,5.919,3.986,3.667,2.325,0.526,0.666,1.406,1.395,2.179,2.286,2.092,0.89,1.469,2.965,5.849,0.092,2.401,6.575,0.572,0.789,0.598,2.496,2.891,0.877,1.267,0.724,3.705,3.779,3.246,1.438,6.729,2.435,3.509,5.238,9.536,1.743,3.105,3.019
"1968-07",1.535,2.635,2.012,2.098,2.877,3.92,2.418,8.428,5.077,4.907,6.678,0.698,0.228,3.813,1.141,2.777,2.405,2.287,1.583,0.616,0.18,6.151,2.402,2.559,1.033,0.235,0.539,1.027,1.905,2.336,3.884,2.094,0.363,1.063,5.983,7.193,0.02,5.782,7.746,0.22,0.33,1.484,2.163,4.184,0.714,1.324,1.052,4.656,3.34,3.085,2.229,3.662,1.861,1.988,9.572,6.732,1.029,3.134,3.042
"1968-08",2.277,2.971,2.081,1.441,2.85,3.76,2.616,8.145,3.633,5.892,6.202,0.337,0.958,2.173,1.634,2.44,2.301,1.961,1.619,0.42,0.109,5.637,3.452,2.865,0.959,0.384,0.52,0.711,1.847,1.919,2.828,3.163,0.218,1.119,5.005,5.615,0.141,7.871,7.282,0.204,0.28,0.985,2.005,3.574,0.759,1.344,1.308,5.206,2.751,3.009,2.604,1.909,2.123,2.827,9.191,7.545,0.831,2.932,3.001
"1968-09",2.867,3.178,2.585,2.122,3.765,2.518,3.907,8.658,5.371,7.094,5.688,0.289,2.357,1.541,2.073,2.052,2.317,2.412,1.921,0.827,0.127,5.066,4.582,2.732,1.976,0.716,1.142,0.759,1.291,1.598,2.017,2.505,0.534,0.549,2.893,3.258,0.085,3.724,6.832,0.127,0.136,0.265,1.871,3.344,0.758,1.445,1.079,5.727,2.868,2.369,3.335,1.823,2.037,1.707,7.22,6.671,1.034,2.782,2.917
"1968-10",2.41,2.943,1.913,2.443,0.904,4.441,0.585,6.093,5.155,8.389,5.712,0.853,6.469,2.201,3.58,2.353,2.945,2.481,2.219,1.542,0.163,3.579,5.156,2.84,4.299,0.975,0.753,0.439,1.417,1.967,1.405,2.937,1.26,0.474,1.255,1.406,0.201,2.583,7.006,0.092,0.041,0.634,1.251,3.016,0.718,1.199,1.113,5.168,2.716,2.767,3.983,2.577,1.942,2.268,12.456,8.509,0.715,2.522,2.928
"1968-11",1.864,1.672,1.664,4.292,1.6,3.516,0.643,5.021,3.382,7.398,8.67,3.107,10.022,1.457,3.146,2.457,2.466,2.659,1.842,2.523,0.115,0.423,4.753,1.739,7.196,1.589,3.242,3.071,0.803,1.403,0.631,2.334,1.342,0.697,0.598,2.615,0.148,0.379,6.748,0.542,0.329,1.283,1.155,2.745,0.644,0.839,0.743,5.105,3.126,2.941,3.55,3.368,1.913,2.239,5.64,8.761,1.176,2.196,2.918
"1968-12",1.764,1.769,1.241,5.397,0.97,3.082,1.675,1.964,1.566,6.082,7.385,5.217,12.662,1.781,4.121,2.594,2.749,3.091,1.898,3.442,0.037,0.09,3.769,0.069,5.172,3.355,4.556,3.392,0.645,1.355,0.672,2.425,0.87,0.296,0.848,1.702,0.11,1.75,7.202,3.106,1.507,3.171,0.925,2.356,0.473,0.966,0.531,4.38,3.805,2.946,2.976,4.525,1.588,3.089,2.694,10.43,1.038,2.369,2.94
"1969-01",2.386,2.479,0.904,3.588,1.771,3.728,1.225,1.082,0.775,4.368,3.506,10.178,14.344,2.018,3.632,3.094,3.235,2.008,1.887,1.252,0.032,0.008,1.8,0.189,4.769,4.053,7.278,7.519,0.632,1.192,0.42,1.265,1.426,0.297,0.967,2.338,0.062,0.298,8.165,3.914,0.868,2.803,1.251,2.462,0.606,1.35,0.565,3.675,3.866,3.445,2.809,3.89,1.909,0.328,1.446,10.255,2.218,2.449,2.961
"1969-02",2.711,1.994,0.801,5.064,1.192,3.312,0.773,1.054,0.751,6.957,4.124,8.46,11.591,1.89,3.212,2.451,3.254,1.113,1.183,0.909,0.026,0.039,3.34,0.174,3.678,3.367,5.02,9.911,0.932,1.072,0.668,0.884,1.235,0.39,1.057,1.57,0.048,0.102,8.892,7.191,1.505,4.733,1.632,2.956,0.795,1.331,0.856,2.965,4.385,3.697,2.619,2.952,2.235,0.07,0.188,8.874,2.877,2.764,2.987
"1969-03",2.093,1.4,0.905,3.401,1.207,3.66,0.32,0.535,0.744,6.411,5.524,10.495,8.141,1.979,1.987,2.747,2.173,2.912,1.859,1.932,0.036,0.349,4.558,0.886,3.512,2.668,4.552,4.674,0.654,1.229,1.038,1.361,1.466,0.545,1.777,1.986,0.093,0.316,6.477,6.358,1.156,1.94,1.718,3.693,0.956,1.717,0.529,2.678,4.592,3.722,2.412,5.738,2.325,0.068,0.059,6.772,2.544,2.858,2.89
"1969-04",1.27,1.418,0.968,2.722,1.701,2.79,1.013,1.033,0.739,7.338,6.286,6.238,5.779,2.745,2.535,3.219,1.88,2.931,1.591,1.035,0.225,1.717,5.757,2.808,4.285,1.377,2.903,3.88,0.592,1.252,1.019,2.169,2.199,1.025,2.48,2.916,0.407,0.458,6.643,1.24,0.27,3.237,1.579,3.582,1,1.575,0.384,2.792,4.261,3.894,2.041,6.751,2.073,0.026,0.118,4.549,2.945,3.045,2.838
"1969-05",1.738,1.672,1.522,2.354,2.749,3.686,1.694,3.135,0.647,7.324,7.989,3.015,1.708,2.18,1.232,3.566,2.045,2.22,1.936,1.208,0.116,2.652,4.383,3.402,2.835,0.448,1.03,1.501,0.917,1.591,1.681,1.953,1.622,1.14,3.164,3.708,0.296,1.053,6.881,0.803,0.449,0.854,2.199,3.16,0.83,1.569,0.731,3.53,4.061,4.051,1.456,7.765,2.517,0.131,2.461,8.062,2.4,3.054,2.966
"1969-06",1.19,1.926,1.432,2.637,3.2,4.163,2.052,8.166,3.013,5.034,8.197,0.889,0.291,4.113,0.561,3.655,1.413,3.242,2.064,1.231,0.193,5.28,3.074,1.651,1.637,0.824,1.047,1.071,1.154,1.56,3.088,2.364,1.167,1.058,3.283,5.348,0.03,1.659,7.082,0.873,0.855,0.977,2.322,4.345,0.961,0.963,0.724,4.981,3.115,3.435,1.502,8.883,2.223,1.67,2.282,4.66,1.824,2.998,3.017
"1969-07",1.5,2.245,2.522,1.576,2.374,4.248,3.444,8.746,4.145,4.567,7.567,0.954,0.272,2.911,0.918,2.373,1.971,2.031,2.474,0.6,0.145,6.141,2.038,2.543,0.797,0.602,1.832,1.086,1.961,2.123,2.793,2.541,0.479,1.539,5.395,6.685,0.04,4.537,6.547,0.208,0.438,1.429,2.949,3.671,0.803,1.416,1.143,4.987,2.551,3.395,1.882,4.528,1.917,3.348,4.723,7.985,1.516,2.782,3.017
"1969-08",1.987,2.524,2.48,1.055,2.513,3.597,3.308,8.159,3.261,6.768,6.932,0.296,0.926,2.493,1.583,2.514,1.924,2.086,1.941,0.374,0.134,5.936,2.917,2.126,0.608,0.353,1.132,0.786,1.932,1.757,3.259,2.112,0.128,1.015,4.906,5.363,0.023,6.254,7.739,0.348,0.332,3.266,1.975,2.997,0.822,1.535,1.336,5.554,2.463,2.867,2.383,2.411,2.122,1.691,7.94,7.125,1.08,2.831,2.973
"1969-09",1.479,3.241,2.879,1.843,2.217,3.693,3.084,7.332,3.941,6.887,5.422,0.701,2.951,2.226,1.742,2.091,3.309,1.709,1.575,0.3,0.062,4.27,4.003,2.033,1.056,0.503,0.86,0.47,1.648,1.281,2.113,2.807,0.311,0.477,3.013,3.543,0.047,3.526,7.892,0.306,0.168,0.791,1.849,3.005,0.624,1.378,1.236,5.79,2.821,2.58,3.295,2.028,1.97,1.55,5.97,6.574,0.747,2.85,2.903
"1969-10",1.792,2.572,1.906,2.423,1.069,3.284,2.36,7.393,4.272,8.826,8.018,1.903,6.802,1.531,2.935,1.964,3.27,3.7,2.532,1.227,0.112,2.664,5.93,2.717,4.379,0.872,1.87,1.458,1.013,1.906,1.446,3.121,1.006,0.393,0.888,1.855,0.231,1.665,6.263,0.142,0.457,1.184,1.538,3.041,0.536,1.298,0.636,5.41,3.038,2.61,3.589,2.452,1.962,1.819,4.975,7.187,1.135,2.65,2.912
"1969-11",2.381,2.423,1.612,4.105,2.996,3.032,3.392,3.261,1.773,7.884,6.944,3.245,10.152,1.383,3.039,2.465,2.801,2.728,2.152,2.055,0.155,1.613,5.113,1.813,7.861,1.906,1.465,1.566,0.935,1.309,0.658,2.878,1.265,0.329,1.539,2.805,0.174,1.433,5.94,0.676,0.487,1.65,1.314,2.459,0.635,0.633,0.745,4.853,4.136,2.778,2.896,3.464,1.761,1.787,5.314,9.213,0.803,2.391,2.903
"1969-12",1.358,2.284,1.127,3.77,1.756,4.19,0.922,1.167,0.982,6.749,7.33,5.576,11.865,1.927,3.663,2.76,3.435,3.315,2.51,1.761,0.049,0.053,3.738,0.466,5.955,3.036,5.513,6.944,0.723,1.627,0.737,1.946,1.36,0.234,0.343,1.364,0.21,1.096,7.362,1.496,0.786,2.472,1.944,2.666,0.616,0.809,0.492,4.473,4.597,2.946,3.319,3.58,1.462,2.768,4.986,10.678,1.41,2.182,2.987
"1970-01",2.172,2.008,0.953,3.839,1.08,3.094,1.221,0.939,0.817,5.291,4.08,9.417,12.664,2.913,2.953,2.873,2.977,2.056,1.259,1.762,0.021,0.061,3.405,0.55,6.069,3.627,6.42,8.203,0.742,1.046,0.688,1.168,1.73,0.222,1.135,0.956,0.092,0.449,8.134,8.704,2.582,4.876,1.448,3.308,0.68,1.047,0.593,2.933,6.344,3.238,2.856,3.857,1.943,0.277,0.864,7.944,1.71,2.435,3.001
"1970-02",2.402,1.487,1.148,4.111,2.55,3.932,2.394,0.606,0.88,6.588,4.965,7.235,12.557,2.765,5.148,3.265,2.146,1.909,1.491,1.944,0.041,0.087,3.622,0.366,3.319,2.689,6.354,12.221,0.655,1.409,0.443,1.11,1.227,0.356,1.959,2.399,0.507,1.136,5.671,6.79,1.084,0.606,1.549,1.81,0.866,1.455,0.602,2.656,6.298,3.486,2.652,4.318,2.013,0.247,0.084,6.669,2.466,2.796,2.979
"1970-03",1.585,1.612,1.191,4.185,1.784,2.699,2.015,0.493,0.622,7.244,4.725,9.49,11.529,1.881,2.252,2.953,2.512,2.841,1.82,1.716,0.023,0.258,4.029,1.518,4.229,2.667,4.334,5.232,0.752,0.959,0.668,1.485,1.846,0.535,1.858,2.584,0.464,1.171,6.233,5.36,0.858,0.936,1.234,2.376,1.077,1.644,0.585,2.526,5.852,3.902,2.255,4.683,1.868,0.452,0.202,4.826,2.997,2.912,2.921
"1970-04",1.801,1.56,1.06,2.775,2.532,3.612,1.859,0.91,0.836,7.105,6.595,6.883,6.728,2.893,2.719,2.962,1.41,1.926,1.821,1.769,0.039,1.393,5.041,1.646,3.275,0.806,2.981,5.876,0.712,1.862,1.08,1.822,2.432,1.319,2.638,2.771,0.52,0.894,6.907,1.324,0.147,1.967,1.114,2.707,0.977,1.794,0.496,2.358,6.465,3.552,2.013,7.153,1.818,0.042,0.531,5.299,2.849,3.145,2.929
"1970-05",1.746,1.406,1.375,2.551,3.215,3.791,2.117,5.047,1.974,6.125,7.768,2.524,0.733,2.986,1.684,3.03,1.65,3.005,1.201,1.263,0.166,2.785,4.328,3.852,4.006,1.057,1.786,1.75,0.774,1.964,1.927,1.644,1.509,0.953,2.588,3.667,0.724,0.952,6.714,0.689,0.197,0.764,1.723,3.575,0.875,1.41,0.601,2.901,5.558,3.302,1.306,9.001,2.313,0.056,2.362,7.363,2.425,3.063,2.928
"1970-06",1.094,1.329,1.954,2.446,3.621,4.333,3.279,7.276,3.349,2.658,6.783,0.947,0.144,3.305,0.891,3.171,1.532,2.782,2.369,1.069,0.473,5.793,4.696,3.294,3.078,0.691,1.123,1.134,1.218,2.105,2.571,2.399,1.221,0.916,4.107,4.79,0.212,1.963,7.508,0.454,0.444,1.723,1.528,3.114,0.837,1.391,0.628,3.936,4.22,3.292,1.565,8.509,1.718,2.829,2.183,6.152,1.809,3.022,2.974
"1970-07",1.338,2.835,2.317,1.774,2.573,3.772,2.546,9.426,2.491,6.376,8.228,0.373,0.48,5.048,1.858,2.87,2.217,2.926,2.762,0.434,0.137,4.889,2.598,2.093,0.775,0.687,1.478,1.749,1.71,1.986,2.626,2.269,0.374,1.147,6.117,5.935,0.013,5.803,6.305,0.298,0.649,2.614,2.399,3.763,0.93,1.283,0.709,4.638,4.474,2.876,1.689,5.247,2.611,1.955,9.198,3.978,1.57,2.907,3.021
"1970-08",2.352,2.419,2.217,1.759,3.316,3.705,2.746,7.685,3.448,5.143,5.744,0.341,0.414,3.468,1.603,2.833,2.41,2.624,1.861,0.307,0.1,5.855,2.766,2.134,0.922,0.313,0.815,0.673,2.095,1.453,3.011,2.934,0.26,0.88,4.936,5.042,0.045,5.211,6.281,0.144,0.221,0.66,1.766,3.314,0.723,1.312,1.139,6.151,4.384,2.9,2.494,2.795,1.99,2.961,8.599,4.167,1.146,2.861,3.024
"1970-09",2.351,3.352,2.212,1.48,0.942,3.874,3.006,9.428,4.798,6.484,5.101,0.655,3.199,2.107,2.249,2.399,2.812,3.049,1.518,1.226,0.179,5.6,4.647,3.845,3.022,0.45,1.12,0.582,1.444,1.467,1.945,2.556,0.502,0.324,2.436,2.734,0.127,2.458,5.535,0.082,0.039,0.696,1.325,2.64,0.663,1.034,1.041,5.636,5.007,2.331,3.238,1.606,2.074,1.527,3.846,4.432,0.956,2.781,2.891
"1970-10",2.538,2.992,2.559,2.716,3.148,3.392,4.346,6.734,3.73,8.809,3.613,0.469,5.001,1.567,3.551,2.044,2.819,2.82,1.099,1.881,0.195,3.545,6.298,4.877,6.305,1.492,1.877,1.532,1.292,1.299,1.508,2.665,1.468,0.629,1.23,2.573,1.457,1.581,4.982,0.142,0.113,0.647,0.847,2.538,0.62,1.468,0.773,5.495,5.842,2.321,3.604,1.956,1.953,3.295,7.949,2.439,1.087,2.699,2.965
"1970-11",1.75,1.855,1.622,5.102,2.263,4.23,1.897,4.317,3.394,9.018,5.18,2.25,9.042,1.507,4.584,2.635,3.469,3.02,1.983,1.704,0.073,1.602,5.487,4.689,7.324,1.57,3.78,5.293,0.923,1.603,1.049,1.971,1.534,0.427,1.398,2.254,0.822,1.938,5.467,0.556,0.819,1.48,1.069,2.738,0.74,1.118,0.753,4.534,6.259,2.232,3.309,2.985,2.023,5.508,4.625,3.802,1.408,2.438,2.955
"1970-12",1.885,2.201,1.112,4.241,2.183,4.06,2.393,2.1,1.564,8.242,5.36,7.491,11.016,1.052,3.973,1.852,2.759,2.17,1.684,1.697,0.071,0.154,4.398,1.75,8.621,1.803,5.309,4.755,0.475,1.644,0.637,1.822,1.593,0.237,0.681,2.197,0.317,1.143,6.311,1.058,0.48,1.148,0.95,2.685,0.533,1.139,0.554,3.397,8.172,2.196,3.485,4.031,1.901,4.874,3.008,7.335,1.414,2.344,2.972
"1971-01",2.386,1.993,1.195,4.768,1.249,3.126,2.683,0.733,1.342,4.768,2.88,10.303,11.206,1.737,3.594,2.75,3.874,2.041,2.216,1.012,0.051,0.009,2.797,0.842,9.922,3.166,7.174,5.936,0.658,1.39,0.609,1.056,1.075,0.213,1.131,2.947,0.237,0.557,5.33,1.633,0.926,1.067,1.262,2.813,0.761,0.995,0.602,2.475,9.635,2.695,3.01,3.124,2.35,0.347,0.208,11.442,1.47,2.384,3.002
"1971-02",2.276,2.062,1.158,3.739,1.68,3.312,2.861,0.5,1.55,5.103,2.499,6.919,12.681,1.952,4.638,2.621,3.401,2.06,1.345,1.456,0.022,0.018,2.989,0.539,6.488,3.45,6.96,9.701,0.349,0.781,0.331,1.412,1.741,0.263,1.155,2.432,0.47,0.754,6.338,9.816,2.765,2.194,1.807,2.247,0.866,1.192,0.831,2.653,6.96,3.182,2.66,3.159,2.418,0.105,0.2,7.512,2.515,2.661,3.019
"1971-03",2.478,1.811,1.382,4.343,2.126,3.716,1.315,0.996,0.93,7.294,4.763,6.359,9.552,2.822,3.71,3.03,1.994,1.448,2.056,1.518,0.078,0.547,4.716,1.059,4.119,1.68,4.146,8.231,0.655,1.486,0.851,1.387,2.263,0.524,1.662,2.484,0.268,0.545,6.515,6.57,1.746,0.601,1.324,2.284,0.903,1.418,0.562,2.118,7.409,3.548,2.47,4.717,2.054,0.067,0.07,6.839,3.315,2.99,3.03
"1971-04",1.686,1.646,1.159,3,2.4,3.162,1.266,0.809,1.376,6.705,5.155,5.864,6.893,2.615,4.788,2.452,1.694,2.604,1.057,1.452,0.071,1.415,5.299,1.668,3.9,0.843,0.916,1.879,0.673,0.791,1.187,2.001,2.775,1.096,2.887,3.484,0.203,0.833,6.877,3.447,2.356,1.584,2.443,3.104,0.958,2.148,0.509,1.664,6.157,3.747,1.931,6.757,2.501,0.006,0.061,6.903,3.276,3.142,2.948
"1971-05",1.361,1.574,1.339,3.607,4.348,4.038,0.989,2.997,1.642,6.722,8.638,3.96,2.11,1.47,2.465,2.684,1.242,2.891,2.274,1.053,0.239,3.509,3.743,3.997,3.897,0.545,0.829,1.597,0.89,1.715,1.588,1.965,1.707,1.316,2.77,3.955,0.497,1.324,7.763,0.917,0.681,2.926,2.337,3.624,0.891,1.635,0.741,2.308,6.113,3.127,1.603,6.261,2.566,0.014,0.881,7.833,1.884,3.288,2.939
"1971-06",1.412,2.126,1.98,3.244,3.624,3.83,1.52,6.995,1.944,6.583,8.355,1.005,0.607,4.42,1.452,2.811,2.079,2.404,2.545,1.16,0.635,6.857,3.616,2.414,2.088,0.606,0.898,1.505,1.294,1.976,2.415,2.168,0.97,1.194,3.404,5.369,0.073,2.863,8.183,0.447,0.371,2.125,2.702,3.821,0.834,1.424,1.153,3.615,4.802,2.982,1.554,4.813,2.204,2.723,8.26,7.844,1.782,3.077,3.046
"1971-07",1.78,2.54,2.11,1.78,3.012,4.483,2.548,8.827,3.155,5.77,5.948,1.158,1.288,4.964,1.957,3.35,1.966,2.555,2.681,0.817,0.196,6.77,2.484,2.466,0.778,0.226,0.532,1.077,1.774,1.564,3.365,3.035,0.512,1.038,5.921,6.503,0.027,5.764,8.856,0.574,1.201,1.68,2.616,3.607,0.945,1.254,1.056,4.297,3.9,3.035,2.008,2.059,2.238,2.266,8.417,5.435,1.347,2.865,3.039
"1971-08",1.798,2.685,2.356,1.757,2.365,4.264,2.809,7.473,3.339,5.829,5.826,0.788,0.693,3.117,1.595,2.392,2.841,2.609,2.013,0.416,0.183,6.41,3.474,2.422,0.871,0.454,0.778,0.957,1.333,1.774,2.312,3.146,0.376,1.317,4.395,5.757,0.027,4.891,8.927,0.214,0.226,0.404,2.084,3.022,0.758,1.257,1.354,5.096,3.581,2.841,2.697,1.72,2.15,1.094,5.766,7.22,0.906,2.895,3.012
"1971-09",2.584,3.151,2.729,1.092,2.475,3.551,3.312,9.432,2.965,8.801,5.828,1.53,3.499,2.801,3.076,2.269,2.86,2.786,1.222,0.755,0.06,3.988,4.111,1.734,1.287,0.506,0.744,0.322,1.98,1.036,1.732,2.697,0.182,0.466,2.139,3.624,0.053,3.488,8.165,0.271,0.159,1.19,1.025,2.348,0.542,1.329,0.944,5.439,3.361,2.495,2.916,1.677,2.21,2.559,8.121,5.595,0.949,2.895,2.924
"1971-10",1.745,2.256,2.439,3.955,1.968,3.104,3.159,4.898,3.366,8.035,6.51,2.409,6.479,1.49,3.158,2.195,2.744,2.896,1.299,1.386,0.06,2.953,5.157,2.793,2.505,0.887,1.11,0.46,1.107,1.47,1.258,2.097,0.688,0.531,0.75,1.62,0.296,2.676,7.629,0.25,0.605,1.795,1.228,3.073,0.793,1.191,0.681,5.232,3.18,2.503,3.855,2.077,2.022,1.038,9.399,7.345,1.073,2.598,2.883
"1971-11",2.079,1.914,1.623,4.75,1.169,3.245,1.77,4.828,3.656,8.034,8.605,3.006,8.585,1.391,4.195,2.09,3.292,3.307,2.081,1.523,0.018,0.856,4.26,0.817,4.54,1.421,3.067,1.981,0.809,1.59,0.571,3.104,1.165,0.592,0.335,2.451,0.045,1.605,7.989,0.532,0.492,1.233,1.491,2.79,0.623,1.165,0.702,4.664,3.828,2.595,3.317,3.417,1.662,1.387,8.48,9.712,1.1,2.417,2.939
"1971-12",2.614,2.219,1.23,3.944,2.005,5.023,2.299,1.978,1.629,6.425,6.35,5.276,11.306,2.061,4.28,2.684,3.154,2.468,1.704,2.558,0.162,0.198,3.608,0.448,6.038,2.582,4.943,3.329,0.559,1.393,0.524,1.765,1.598,0.208,1.123,1.824,0.103,0.616,7.36,1.87,0.498,1.074,1.137,2.425,0.589,0.747,0.502,3.874,4.922,2.843,3.43,3.964,2.061,1.186,0.705,9.272,1.61,2.274,2.93
"1972-01",2.517,2.047,1.069,3.188,1.283,3.159,2.261,1.262,1.382,6.005,5.854,8.901,13.961,1.843,3.724,2.54,3.425,1.465,1.311,1.379,0.137,0.065,2.834,0.629,6.562,4.52,5.989,6.2,0.898,1.089,0.485,1.546,1.64,0.395,0.687,2.168,0.521,0.202,8.866,3.414,0.714,0.993,1.111,3.028,0.721,0.969,0.895,3.266,5.236,3.304,2.854,4.027,2.014,0.128,0.621,9.719,2.252,2.329,3.022
"1972-02",2.395,1.458,0.846,5.567,1.163,2.627,1.704,0.77,0.699,4.966,3.648,10.786,14.258,1.856,3.858,2.552,3.038,1.887,0.866,1.786,0.081,0.14,2.829,0.369,4.309,3.118,4.454,8.637,0.755,0.923,0.416,1.099,1.566,0.364,1.388,2.158,0.074,0.424,7.251,10.469,2.682,3.222,1.953,2.129,0.819,1.67,0.895,2.999,4.134,3.623,2.379,3,2.272,0.098,0.115,6.876,3.335,2.522,2.93
"1972-03",1.451,1.851,1.204,3.598,1.329,2.491,2.088,1.214,1.469,6.152,5.971,8.038,10.242,2.21,2.512,2.892,3.96,2.243,2.392,0.487,0.078,0.282,4.414,1.253,4.47,2.695,3.107,7.406,1.089,1.478,0.814,1.307,1.827,0.471,2.059,2.21,0.252,0.614,6.62,7.116,3.062,1.353,1.816,3.364,1.051,1.583,0.583,2.749,4.63,4.237,2.547,3.876,2.29,0.027,0.087,6.092,2.368,2.792,2.964
"1972-04",2.024,1.666,1.142,2.298,2.551,3.341,2.049,1.413,1.009,7.068,7.431,7.653,5.825,1.45,1.568,3.271,1.979,2.492,1.947,1.237,0.367,2.327,6.094,2.649,2.569,1.57,1.344,1.54,0.706,1.593,1.321,1.783,1.522,0.668,1.906,2.634,0.509,0.473,6.993,2.906,1.029,1.801,1.85,2.473,1.003,1.202,0.61,2.896,4.071,3.804,1.837,6.043,2.36,0.046,0.716,5.666,2.673,3.082,2.863
"1972-05",1.869,1.363,1.446,2.663,3.182,4.293,2.114,2.534,1.17,6.757,7.242,3.345,1.628,2.378,2.041,2.951,1.602,2.561,2.005,1.678,0.463,4.25,5.743,3.614,3.53,0.38,1.315,2.733,1.151,1.801,1.783,2.182,2.429,1.538,2.08,3.602,0.464,0.812,7.591,0.736,0.448,2.226,2.162,3.142,0.716,1.321,0.674,3.732,3.143,3.889,1.335,8.299,2.183,0.041,2.018,7.977,1.82,3.153,2.979
"1972-06",1.65,2.379,1.648,2.082,3.42,4.606,1.855,6.691,2.171,5.007,8.279,0.875,0.501,2.371,1.186,2.428,1.93,2.541,2.589,1.111,0.259,6.42,3.077,1.711,1.041,0.737,1.172,1.382,1.44,1.965,2.774,2.088,0.688,1.592,3.596,5.812,0.028,2.955,7.337,0.387,0.228,3.24,1.594,3.372,0.626,1.468,1.039,4.78,3,3.401,1.564,5.835,2.661,2.092,2.685,4.962,1.788,2.907,2.958
"1972-07",1.952,2.395,2.246,1.716,3.99,3.584,3.858,7.951,2.864,6.133,6.855,0.418,0.551,5.545,1.684,2.699,2.63,2.36,1.635,0.467,0.154,6.724,2.387,2.68,0.603,0.417,0.997,1.753,1.653,1.576,3.277,2.75,0.567,1.608,5.624,5.799,0.019,5.369,6.518,0.229,0.477,1.096,2.12,3.938,1.012,1.279,0.884,5.138,3.042,2.977,2.056,3.045,2.32,3.081,5.499,6.523,1.765,2.749,3.001
"1972-08",2.275,2.917,2.206,1.504,3.914,3.66,3.398,7.486,2.844,5.058,5.449,0.489,0.818,2.656,1.773,2.703,2.172,2.263,1.084,0.495,0.133,6.112,3.012,1.71,0.725,0.389,0.664,0.836,1.828,1.441,2.808,3.199,0.214,0.807,4.59,4.447,0.013,6.15,7.055,0.145,0.103,0.572,1.848,3.704,0.808,1.477,1.299,6.023,3.579,2.934,3.1,1.841,2.116,2.489,9.187,5.675,0.886,2.894,3.034
"1972-09",1.626,3.163,2.547,1.223,2.739,3.783,4.043,8.688,3.888,7.19,5.163,1.046,4.504,1.581,2.499,2.065,2.978,2.481,2.203,1.096,0.269,5.289,4.213,1.622,1.183,0.423,0.75,1.141,1.544,1.543,1.871,3.106,0.372,0.304,3.611,3.154,0.06,2.972,7,0.121,0.291,0.587,1.606,3.555,0.704,1.233,0.671,5.605,4.132,2.412,3.417,1.422,2.06,0.588,6.049,4.754,0.985,2.599,2.899
"1972-10",2.067,2.722,1.897,1.718,1.627,3.294,3.501,7.442,4.219,9.352,6.7,1.217,5.312,2.477,2.53,2.564,3.2,2.848,1.502,2.179,0.118,4.748,6.959,6.136,6.657,0.926,1.241,2.463,1.589,1.55,1.648,2.755,1,0.513,1.176,2.068,0.737,1.1,5.146,0.161,0.094,0.517,2.178,3.429,0.72,1.123,0.967,5.379,3.804,2.3,3.99,1.906,1.946,3.338,4.401,5.046,1.1,2.385,2.911
"1972-11",1.987,2.441,1.326,4.115,1.871,2.914,3.253,2.889,2.007,8.242,7.414,2.348,9.916,1.464,4.061,2.466,2.759,3.144,1.505,2.456,0.044,1.323,5.858,2.966,10.696,1.363,2.107,1.886,1.132,1.076,0.861,2.125,1.749,0.371,0.797,1.664,0.195,0.709,5.599,0.441,0.258,0.862,1.422,2.803,0.527,0.823,1.07,4.857,4.83,2.675,3.433,4.126,1.883,3.037,5.08,7.17,1.171,2.382,2.941
"1972-12",2.186,2.112,1.144,1.399,1.443,3.86,2.698,1.207,1.458,6.545,4.32,4.646,11.364,1.73,5.629,2.134,2.076,2.067,0.754,3.688,0.119,0.281,4.415,0.832,10.234,2.697,6.467,7.121,0.565,0.905,0.569,1.49,2.505,0.431,1.12,2.675,0.096,0.316,5.349,1.517,0.657,1.678,0.846,2.225,0.542,0.956,0.634,3.895,6.696,3.038,3.3,3.26,1.847,0.852,1.049,9.466,1.32,2.335,2.978
"1973-01",2.317,1.915,0.992,3.773,1.151,2.699,2.667,0.713,1.085,4.815,4.395,7.855,13.419,2.37,4.679,2.637,2.936,2.525,2.026,2.446,0.08,0.049,3.154,0.322,6.26,3.449,6.924,7.768,0.514,1.4,0.421,1.335,1.879,0.27,1.853,1.78,0.143,0.891,7.004,6.284,1.55,1.298,0.861,2.641,0.671,1.147,0.66,3.192,5.747,3.083,3.439,3.978,1.821,0.575,0.553,7.626,2.44,2.29,2.968
"1973-02",2.158,1.658,0.681,3.137,1.361,2.537,2.676,0.487,0.709,5.46,4.107,10.662,11.642,1.607,3.486,2.712,2.714,3.292,1.356,1.931,0.018,0.044,2.855,0.572,5.211,3.382,7.471,8.377,0.677,1.014,0.613,1.267,1.703,0.274,1.211,2.047,0.181,0.783,6.349,5.304,1.882,0.858,1.777,2.751,0.789,1.09,0.648,2.765,5.936,3.972,3.068,3.632,2.015,0.108,0.097,6.399,3.017,2.597,2.99
"1973-03",2.69,1.728,1.241,2.877,1.481,3.473,1.486,0.644,0.851,4.716,5.762,8.624,13.192,1.763,4.606,2.635,1.631,0.721,1.114,2.242,0.154,0.929,5.026,1.371,2.917,2.214,3.573,4.72,0.811,1.501,0.702,1.24,3.067,0.832,1.742,2.677,0.422,0.516,5.809,4.956,0.417,2.249,0.918,3.853,1.089,1.423,0.831,2.509,5.349,3.719,2.378,5.743,1.674,0.109,0.043,5.22,3.994,2.797,2.932
"1973-04",1.769,1.698,1.363,3.216,2.887,3.801,1.482,1.013,0.65,7.642,7.429,5.39,6.505,3.472,3.162,3.349,1.81,2.013,1.964,1.682,0.135,1.6,4.956,1.915,4.519,0.527,1.261,2.267,0.79,1.563,0.854,1.275,2.443,1.161,2.372,2.79,0.17,0.44,6.925,5.037,0.719,0.718,1.905,3.553,0.94,1.25,0.687,2.693,5.051,3.62,1.798,7.733,2.331,0.013,0.163,5.284,3.256,2.9,2.931
"1973-05",1.465,1.55,1.531,2.203,3.052,3.708,1.618,3.536,1.114,5.481,8.25,2.646,1.734,2.902,1.588,3.266,1.603,1.485,2.892,1.733,0.365,4.875,4.394,2.606,1.643,0.224,0.562,1.265,1.032,2.359,1.564,2.081,1.703,1.021,2.589,4.393,0.146,1.051,7.162,2.3,0.935,1.208,1.916,3.157,0.923,1.652,0.636,3.652,3.736,3.693,1.621,9.112,1.86,0.67,1.23,7.788,2.564,3.217,2.999
"1973-06",1.18,1.697,1.759,2.003,4.394,3.616,3.952,8.128,1.406,5.666,8.528,1.182,0.588,2.542,1.15,3.128,2.031,2.815,2.733,0.887,0.392,5.441,3.086,2.389,1.292,0.399,0.78,0.771,1.522,2.195,2.779,1.862,1.025,1.72,3.679,6.303,0.068,2.081,8.641,0.789,1.106,1.429,2.515,3.978,0.768,1.168,0.899,4.179,3.445,3.288,1.723,4.88,2.187,2.33,5.078,6.271,1.347,3.257,3.017
"1973-07",1.273,2.562,1.973,1.302,3.873,4.75,4.535,9.128,3.129,4.212,6.556,0.57,0.379,3.705,1.022,2.531,2.657,2.974,2.672,0.371,0.272,7.547,2.624,2.593,0.778,0.59,0.889,1.151,1.967,1.817,3.053,1.886,0.708,1.501,5.201,6.891,0.009,4.38,7.479,0.556,0.284,1.162,2.664,3.771,0.847,1.243,1.274,4.995,3.352,3.056,2.2,2.683,2.17,2.263,4.579,6.598,1.601,2.858,3.051
"1973-08",2.306,2.843,2.171,1.243,2.908,3.708,4.303,7.168,3.223,4.919,4.594,0.631,1.503,2.335,2.279,2.791,2.026,1.891,1.599,0.499,0.111,4.964,2.725,2.087,0.616,0.231,0.684,1.634,1.664,1.613,3.316,2.407,0.262,0.944,4.262,5.137,0.028,5.291,9.761,0.655,1.191,2.587,2.908,4.306,0.902,1.129,1.576,5.444,2.768,2.96,2.951,1.415,1.87,1.1,8.62,5.391,1.156,2.623,2.987
"1973-09",2.428,2.878,2.933,3.196,2.477,2.499,5.04,7.795,3.793,7.157,4.162,1.704,7.582,2.539,2.529,2.495,2.489,2.086,1.498,0.847,0.03,3.093,3.612,0.897,0.797,0.569,0.956,1.239,1.825,1.261,2.012,3.137,0.278,0.624,3.755,3.947,0.023,4.532,7.134,0.176,0.32,0.971,2.231,3.766,0.968,1.364,1.232,6.469,2.585,3.05,3.592,1.236,2.084,0.506,4.4,3.968,0.881,2.299,2.958
"1973-10",2.193,2.712,2.136,2.479,2.596,4.289,3.127,6.626,5.063,8.389,5.07,0.881,5.984,1.952,3.343,2.153,3.408,2.244,2.148,1.32,0.054,2.85,5.211,3.832,3.162,1.36,1.528,1.396,1.396,1.517,1.58,3.121,0.577,0.232,1.334,1.277,0.153,1.893,6.959,0.131,0.586,2.562,0.917,1.884,0.724,1.465,0.734,5.329,2.882,2.516,3.794,1.612,2.111,4.155,6.243,8.68,1.139,2.577,2.918
"1973-11",2.24,2.445,1.363,3.787,1.432,4.155,3.456,4.403,3.684,8.695,6.272,4.724,10.179,1.763,3.286,2.045,3.168,2.019,1.791,1.649,0.044,0.425,4.746,0.914,5.618,1.421,1.427,1.252,0.845,1.534,0.968,1.873,1.815,0.569,1.044,2.186,0.33,0.533,6.503,0.471,0.586,2.895,1.281,2.785,0.634,1.322,0.812,4.986,3.817,2.499,3.121,2.878,2.326,0.307,1.796,11.014,0.841,2.334,2.888
"1973-12",1.917,2.091,1.267,4.129,2.977,4.166,3.031,1.399,1.068,5.039,4.829,7.654,12.821,1.44,4.39,2.812,3.558,2.078,1.467,1.776,0.03,0.139,3.857,0.187,7.144,2.03,5.152,4.929,0.876,1.231,0.46,1.986,1.861,0.244,1.247,1.642,0.13,0.216,7.373,1.031,0.738,3.678,1.784,2.784,0.562,0.795,0.833,4.308,5.02,2.956,3.227,4.084,1.945,0.296,2.135,12.471,1.059,2.361,3.027
"1974-01",2.333,1.528,0.935,6.067,1.087,2.646,1.948,1.791,1.056,3.647,3.706,9.696,12.593,1.242,2.829,2.085,2.918,2.734,1.996,1.649,0.064,0.041,2.946,0.536,5.255,2.906,5.919,6.392,0.582,1.131,0.365,1.503,1.374,0.284,0.904,1.919,0.21,0.422,7.235,5.766,1.089,2.915,1.447,3.093,0.621,1.071,0.664,3.337,5.197,3.34,2.818,3.331,2.299,0.16,1.009,7.814,1.77,2.505,2.896
"1974-02",2.211,1.828,1.175,5.335,1.825,3.295,1.616,0.752,0.779,6.057,5.194,8.093,12.06,2.544,3.319,2.689,3.34,1.665,1.514,1.273,0.014,0.068,2.841,0.233,4.272,3.369,4.836,8.103,0.742,0.804,0.395,1.135,1.538,0.239,1.015,2.252,0.085,0.7,8,8.051,2.742,2.758,1.651,2.035,0.796,1.419,0.729,2.923,4.84,3.532,2.603,2.969,1.958,0.053,0.362,7.424,2.46,2.7,2.942
"1974-03",2.566,1.149,1.109,5.507,3.581,4.191,3.957,0.531,0.888,6.875,6.606,8.277,10.8,1.938,3.184,2.857,2.429,2.07,1.504,1.228,0.07,0.384,3.665,0.568,2.323,2.988,5.115,6.667,0.697,1.309,0.751,1.336,1.777,0.669,1.556,2.447,0.43,0.767,6.441,6.219,1.106,1.782,1.684,2.949,0.976,1.387,0.422,2.315,5.684,4.015,2.024,4.159,1.967,0.018,0.151,5.154,2.591,2.906,2.932
"1974-04",2.144,1.417,0.964,3.981,2.59,4.058,1.181,0.634,0.407,7.565,7.863,7.382,7.741,2.706,2.641,2.71,1.29,1.664,1.649,1.755,0.172,1.492,5.634,2.916,4.721,0.764,2.824,3.749,0.809,2.037,1.359,1.243,1.567,0.87,2.114,2.721,0.729,1.087,8.23,2.558,0.039,0.944,0.777,2.224,1.021,1.871,0.644,2.113,6.079,3.518,2.116,5.778,2.267,0.081,0.418,5.864,2.108,2.974,2.914
"1974-05",1.417,1.869,1.141,3.331,5.092,3.438,1.618,2.172,1.45,6.401,7.22,3.242,2.037,3.324,0.761,3.525,1.637,2.277,2.21,1.249,0.25,3.957,4.736,2.909,2.933,0.53,1.026,1.96,1.057,2.332,1.604,1.837,1.482,1.197,2.145,3.866,0.287,0.898,8.254,0.429,0.479,1.303,1.975,3.687,1.2,1.59,0.649,2.706,5.925,3.442,1.722,7.902,2.478,0.08,2.762,6.268,1.921,3.047,2.961
"1974-06",1.212,1.862,2.226,2.388,3.589,4.156,2.36,6.948,2.201,5.091,8.592,1.042,0.297,4.945,1.251,2.764,2.01,1.912,2.222,0.935,0.269,5.75,3.55,2.326,2.586,0.527,0.928,1.093,1.441,2.363,2.042,2.01,1.122,1.136,2.941,5.89,0.051,1.571,7.031,0.242,0.615,1.045,3.049,3.582,0.899,1.415,0.767,3.894,4.862,3.085,1.89,5.921,2.09,2.23,3.389,6.752,1.723,2.995,2.992
"1974-07",1.813,2.64,2.13,2.84,3.08,3.735,4.229,9.909,3.672,5.419,6.299,0.525,0.384,3.881,1.445,2.285,2.308,2.341,1.683,1.16,0.686,7.445,2.766,2.291,0.865,0.479,0.545,1.178,1.745,2.334,2.257,2.547,0.51,1.25,4.863,5.709,0.026,3.06,6.574,0.2,0.255,0.314,2.676,3.153,0.866,1.508,1.097,5.409,4.584,3.365,2.704,2.016,2.343,3.255,2.496,4.807,1.413,2.973,3.115
"1974-08",1.751,2.83,2.674,1.149,3.193,4.463,4.681,7.212,5.159,4.503,4.928,0.649,0.25,3.643,0.948,2.915,2.754,2.236,1.957,0.905,0.323,6.287,3.743,2.286,0.905,0.426,0.719,1.051,1.361,2.147,2.606,3.033,0.293,0.746,5.042,4.974,0.014,5.96,6.076,0.175,0.176,0.554,1.947,3.463,0.789,1.135,1.133,5.688,4.695,2.858,3.325,1.518,2.055,3.537,8.015,2.948,1.043,2.689,3.008
"1974-09",1.959,2.861,2.219,1.253,2.861,4.075,5.53,7.371,3.89,6.806,5.447,0.493,3.468,3.206,2.664,2.765,3.151,2.045,1.281,1.403,0.905,7.284,4.608,2.655,1.971,0.194,0.795,0.668,1.598,1.398,2.162,2.439,0.861,0.895,2.336,3.488,0.414,2.555,4.948,0.095,0.073,0.254,1.192,2.642,0.734,1.33,1.236,6.405,4.662,2.477,3.449,1.282,2.168,3.123,5.453,3.288,0.966,2.712,2.993
"1974-10",1.453,2.947,1.633,2.525,2.448,2.908,3.821,6.491,2.844,9.005,4.851,1.16,4.989,3.359,3.513,2.275,3.875,2.587,0.66,2.219,0.562,5.253,7.686,7.155,5.091,0.828,0.691,0.974,1.081,1.737,1.596,2.544,1.861,0.722,1.721,2.556,2.252,1.356,4.326,0.103,0.068,0.22,0.736,2.336,0.629,1.145,1.259,5.127,5.853,2.176,4.332,1.707,2.084,3.742,5.797,2.956,0.805,2.85,2.974
"1974-11",2.267,2.288,1.5,4.281,2.462,4.942,2.515,2.501,1.946,9.942,6.235,1.165,6.516,2.134,3.075,2.579,2.862,1.916,1.656,2.285,0.079,1.072,5.528,3.126,4.936,1.365,3.08,3.739,0.981,1.277,0.659,1.82,1.623,0.533,1.252,2.492,0.983,2.068,5.531,0.333,0.462,0.527,1.044,1.944,0.6,1.125,0.919,4.758,6.238,2.27,3.476,4.478,2.096,4.812,11.563,3.226,1.571,2.427,2.938
"1974-12",2.523,1.788,1.12,5.337,2.033,4.101,1.62,2.422,1.481,6.798,5.544,5.576,10.67,1.876,4.249,2.959,2.439,2.11,1.677,2.523,0.163,0.219,5.441,1.447,8.171,3.762,4.06,3.524,0.454,1.681,0.645,1.799,2.408,0.344,0.46,2.394,0.059,0.507,5.947,0.566,0.577,0.518,0.964,2.965,0.693,0.972,0.642,3.242,9.185,2.468,3.631,4.394,2.171,1.984,3.781,6.179,1.36,2.269,3.026
"1975-01",1.674,2.107,0.98,5.099,1.879,4.023,1.574,0.382,1.012,5.177,3.881,7.405,12.922,1.742,5.282,2.589,2.654,2.738,1.456,2.438,0.034,0.019,2.791,0.652,6.885,4.001,7.779,7.221,0.488,1.436,0.663,1.565,2.08,0.407,0.954,2.391,0.227,0.515,5.852,2.128,0.579,0.807,1.076,2.957,0.569,1.327,0.559,2.519,8.63,2.686,3.745,3.133,2.129,0.302,0.757,10.643,2.036,2.408,3.028
"1975-02",2.328,1.785,0.999,3.12,1.637,3.474,3.73,0.441,1.046,6.139,3.03,6.954,12.929,2.068,4.398,2.597,2.883,2.298,1.957,1.066,0.031,0.04,3.834,0.51,5.975,3.109,7.935,6.593,0.585,1.337,0.809,1.337,1.913,0.754,1.149,2.72,0.34,0.384,4.305,9.803,2.036,3.708,0.92,2.285,0.823,1.25,0.58,2.206,9.055,2.928,3.37,3.47,2.282,0.106,0.274,6.955,2.221,2.827,3.034
"1975-03",2.062,1.804,0.964,4.18,3.289,2.986,1.876,0.464,1.182,7.514,5.968,7.988,11.114,1.95,4.062,2.952,2.449,1.1,1.178,1.338,0.057,0.593,3.994,0.782,3.656,2.071,3.194,7.026,0.833,0.709,0.703,0.998,3.416,0.982,1.994,3.406,0.219,0.768,4.714,3.786,2.213,1.072,1.324,2.188,1.017,1.515,0.934,1.944,7.941,3.78,2.704,4.035,2.036,0.027,0.038,5.466,4.192,2.9,3.012
"1975-04",1.56,1.377,0.94,4.135,3.423,3.766,0.771,0.944,0.888,8.748,7.278,7.425,4.483,2.202,1.841,2.914,2.069,1.465,3.017,1.074,0.081,1.987,5.484,2.428,4.951,0.919,1.443,1.084,0.824,1.527,0.881,1.854,2.262,0.725,2.499,2.918,0.41,0.716,6.409,5.149,1.641,2.107,1.472,2.074,1.048,1.208,0.488,1.947,7.739,3.178,1.858,6.177,2.265,0.012,0.113,4.857,3.842,3.26,2.964
"1975-05",1.315,1.708,1.399,1.972,3.702,3.197,1.479,2.774,1.719,6.841,9.027,3.382,1.838,2.36,0.986,3.1,2.009,3.006,1.548,1.265,0.199,2.812,4.279,3.29,3.679,0.788,1.196,1.185,0.963,2.277,1.8,2.069,1.682,1.872,2.765,4.288,0.387,0.367,7.177,2.032,1.519,3.188,2.426,3.95,0.918,1.865,0.866,1.795,6.994,3.074,1.696,8.783,2.426,0.134,0.443,9.014,2.428,3.03,2.987
"1975-06",1.41,1.85,1.878,2.902,3.541,3.16,1.074,7.58,4.319,5.772,8.067,1.07,0.534,3.552,1.234,3.411,2.155,3.018,1.759,1.306,0.455,7.244,4.036,3.034,2.049,0.525,0.826,0.96,1.238,2.423,2.827,1.999,1.49,1.566,3.353,5.807,0.14,1.492,7.051,0.89,0.463,3.043,2.372,2.675,1.048,1.344,0.783,2.988,4.862,3.335,1.945,6.396,2.19,2.855,9.255,8.615,1.537,3.146,3.056
"1975-07",1.324,2.579,2.234,2.511,3.262,3.81,2.461,12.167,4.142,7.193,7.875,0.691,0.736,3.959,1.904,2.364,2.742,2.717,1.824,0.559,0.198,6.396,2.344,2.247,0.543,0.428,0.768,0.657,1.88,3.136,3.147,1.939,0.602,1.269,5.331,6.695,0.012,6.181,7.19,0.325,1.238,2.95,3.252,3.899,0.889,1.436,1.111,4.063,3.758,2.67,2.311,2.978,2.593,3.172,7.216,6.107,1.743,2.882,3.045
"1975-08",1.816,2.533,2.393,2.103,3.464,3.494,3.208,10.54,4.251,6.655,5.6,0.491,1.095,2.788,2.046,2.468,2.826,1.598,2.241,0.386,0.124,5.402,2.907,2.607,0.915,0.419,0.847,0.696,1.847,1.884,3.37,1.743,0.269,0.833,4.961,6.748,0.043,6.949,8.096,0.222,0.456,1.645,2.556,4.466,0.61,1.523,1.293,4.702,3.148,2.794,2.855,1.758,2.481,1.641,7.442,6.592,1.152,2.777,3.013
"1975-09",3.316,2.606,2.335,2.006,3.174,3.867,4.341,9.278,6.179,7.724,7.229,0.643,2.062,2.706,2.077,2.424,2.231,1.705,2.046,0.776,0.043,3.726,4.353,1.905,1.35,0.317,0.691,0.476,1.724,1.519,2.35,1.867,0.176,0.368,2.774,3.554,0.216,4.147,9.312,0.308,0.52,1.899,2.177,3.547,0.766,1.425,1.301,5.127,2.449,2.65,3.042,2.363,2.128,1.761,8.354,7.047,0.834,2.521,2.943
"1975-10",1.874,2.535,2.147,2.725,1.33,3.353,1.711,8.084,6.757,8.816,7.041,1.158,5.26,1.203,2.506,1.994,3.179,2.539,1.143,1.282,0.038,2.133,5.035,3.761,2.332,0.57,0.593,1.381,1.375,1.367,1.377,2.554,0.294,0.459,0.844,2.828,0.265,1.829,8.995,0.497,0.291,1.09,1.106,3.435,0.511,1.653,1.045,5.161,2.34,2.503,3.593,2.576,2.041,4.365,5.725,7.445,0.931,2.641,2.904
"1975-11",1.873,1.734,1.493,4.084,2.143,3.219,3.041,4.926,1.566,7.014,7.763,4.182,9.322,1.912,4.323,2.25,2.719,3.759,2.015,2.518,0.024,0.863,4.307,0.899,3.631,0.879,1.411,1.38,0.994,1.628,0.94,2.184,0.531,0.388,0.586,1.936,0.1,0.902,9.376,1.433,1.028,1.394,1.215,2.229,0.555,1.033,0.524,5.392,2.105,2.844,3.306,4.179,1.815,1.365,7.408,8.111,1.263,2.292,2.916
"1975-12",1.935,1.87,1.329,6.501,0.895,3.97,0.416,1.73,1.573,6.479,7.65,5.568,11.371,1.899,3.934,2.594,2.952,3.1,1.699,2.105,0.061,0.165,4.307,0.278,5.459,3.188,4.542,2.597,0.841,1.208,0.711,1.458,0.927,0.219,1.199,1.114,0.174,0.833,8.322,4.443,2.271,3.803,1.33,1.934,0.576,0.792,0.701,4.846,2.513,3.282,2.889,5.315,1.598,1.219,3.199,9.737,1.4,2.387,2.98
"1976-01",2.17,2.278,1.158,2.961,1.01,2.855,1.827,1.096,1.033,4.931,4.918,10.021,13.192,1.837,4.019,2.939,3.431,2.408,1.3,2.202,0.036,0.063,3.32,0.239,5.14,3.917,6.995,5.321,0.819,0.945,0.519,1.265,1.788,0.324,0.55,1.785,0.105,0.098,6.808,9.585,5.182,4.236,1.277,3.777,0.589,0.717,0.64,4.008,2.789,3.424,3.098,4.702,1.807,0.183,0.217,10.006,2.052,2.459,3.012
"1976-02",2.49,1.737,1.171,5.225,1.501,3.511,2.13,1.028,1.483,6.262,5.065,9.872,12.529,2.628,3.736,2.65,1.753,2.483,1.261,2.294,0.039,0.522,3.338,0.652,3.47,3.349,6.621,8.796,0.732,1.171,0.839,1.545,0.969,0.292,1.038,1.329,0.105,0.253,6.892,8.116,2.675,5.305,1.334,1.691,0.782,1.352,0.583,3.319,2.746,3.885,2.623,4.248,1.74,0.3,0.066,7.471,3.422,2.546,2.941
"1976-03",2.034,1.469,1.157,3.449,1.309,3.529,0.577,1.205,1.129,7.282,6.283,9.163,10.767,2.12,4.026,2.977,2.392,2.153,1.009,1.639,0.06,0.885,5.157,1.309,3.817,1.439,3.384,8.468,0.539,1.068,0.739,1.171,1.346,0.738,1.802,2.413,0.212,0.309,7.125,8.417,2.73,1.988,1.884,3.18,0.893,1.652,0.639,3.063,3.902,3.935,2.11,5.995,1.663,0.194,0.196,5.429,2.272,2.84,2.944
"1976-04",1.253,1.409,1.164,2.809,1.747,3.33,1.042,1.874,0.705,6.588,6.138,8.638,3.111,1.307,0.78,2.802,2.104,3.035,1.27,1.1,0.084,1.428,5.955,3.542,4.782,1.108,1.563,2.309,0.778,1.03,1.361,1.267,2.083,1.22,2.626,2.939,0.108,0.783,7.822,2.949,0.28,2.256,1.331,3.086,0.794,1.759,0.551,3.094,3.23,3.818,2.222,6.42,2.051,0.037,0.372,6.557,2.665,3.027,2.843
"1976-05",0.977,1.435,1.409,3.217,2.39,3.227,1.011,5.022,1.416,7.946,6.876,3.091,1.379,2.903,1.388,3.076,2.133,2.67,1.579,1.213,0.342,4.792,5.092,3.436,2.845,0.462,0.994,1.302,1.103,1.635,1.68,1.713,1.176,1.111,2.35,3.971,0.151,0.539,8.721,0.442,0.244,0.713,2.273,4.019,0.842,1.507,0.663,3.811,3.024,3.688,1.887,8.273,2.091,0.065,2.945,5.644,1.98,3.352,2.955
"1976-06",1.33,1.719,2.244,2.231,2.967,4.022,3.03,7.581,3.545,5.599,6.939,1.242,0.341,3.446,1.509,3.409,2.208,2.826,2,0.825,0.24,5.564,3.777,2.362,0.976,0.608,1.878,2.143,1.441,1.977,2.665,1.444,0.744,1.189,3.354,5.583,0.103,2.38,6.839,0.256,0.551,2.361,2.069,4.191,0.7,1.406,0.86,4.414,2.719,3.44,1.458,8.751,2.049,2.644,2.112,7.004,1.589,3.03,2.981
"1976-07",1.154,2.28,2.502,1.617,2.577,3.798,2.425,9.444,4.024,5.077,7.513,0.427,0.362,2.101,1.15,2.609,2.413,2.859,2.238,0.496,0.377,7.046,2.554,2.38,0.994,0.632,0.873,1,1.677,1.699,3.327,1.623,0.299,0.9,6.406,5.975,0.02,5.714,7.669,0.215,0.213,0.31,2.171,3.11,0.746,1.678,1.105,4.925,2.677,3.132,2.055,5.951,2.13,3.31,6.357,6.313,1.234,3.047,3.031
"1976-08",2.021,2.726,1.974,1.038,2.541,4.897,5.211,10.891,4.58,6.183,6.291,0.314,0.329,3.634,1.551,2.52,2.533,2.424,1.862,0.338,0.123,7.707,3.296,1.878,0.585,0.744,1.1,0.792,1.712,1.814,2.254,2.843,0.202,1.421,4.606,4.906,0.017,5.47,7.295,0.188,0.327,1.19,1.686,3.092,0.613,1.537,1.243,5.52,2.531,2.83,2.513,2.919,2.126,2.294,6.434,5.994,1.259,2.767,2.981
"1976-09",1.769,2.755,2.585,1.216,1.575,4.218,3.896,8.922,4.185,7.839,5.562,0.338,2.529,1.427,3.143,1.985,2.614,3.192,1.846,0.879,0.152,6.394,4.01,1.615,1.074,0.524,0.907,0.657,1.345,1.668,2.319,2.668,0.561,0.66,2.027,2.714,0.109,2.507,6.662,0.092,0.086,1.064,1.568,2.92,0.716,1.724,1.146,6.088,2.34,2.773,3.449,2.715,2.104,0.797,9.373,5.753,0.903,2.725,2.919
"1976-10",1.993,2.78,1.948,1.429,1.391,2.88,2.902,7.697,4.99,8.619,4.556,0.868,6.356,2.906,2.756,2.391,2.807,3.286,2.089,1.699,0.118,3.725,5.016,2.924,3.875,0.596,0.688,1.3,0.871,1.892,1.49,2.616,1.003,0.507,1.138,2.088,0.166,1.853,5.797,0.057,0.168,2.224,1.202,3.209,0.542,1.494,0.745,5.134,3.795,2.473,3.826,2.512,1.974,4.293,6.068,7.719,0.861,2.412,2.861
"1976-11",1.653,2.355,1.526,3.062,1.771,4.869,1.696,3.976,1.817,8.301,7.034,4.038,9.996,1.514,3.086,2.59,4.345,2.297,1.951,1.567,0.042,0.972,5.032,2.811,7.365,1.461,2.194,1.933,1.046,1.576,0.891,2.499,1.16,0.35,1.166,2.651,0.341,1.687,5.969,0.302,0.261,0.711,1.413,2.643,0.612,1.027,0.61,4.608,4.902,2.638,3.464,3.771,1.998,2.657,8.7,6.19,0.931,2.458,2.924
"1976-12",3.104,2.594,1.206,2.442,1.878,3.821,2.262,1.221,1.054,4.774,5.226,6.713,13.692,1.948,3.384,2.489,2.143,1.752,1.808,2.896,0.107,0.097,4.252,1.512,9.879,2.621,4.748,2.679,0.726,2.027,0.733,1.544,1.728,0.284,0.535,2.044,0.391,0.619,6.017,1.461,0.431,0.489,1.161,2.029,0.54,1.269,0.6,3.758,6.859,2.837,3.222,4.919,1.621,0.792,1.619,9.587,1.001,2.418,2.972
"1977-01",2.009,1.853,1.042,3.452,1.149,2.453,2.86,0.658,0.799,4.012,3.785,9.016,12.553,2.009,4.213,3.093,2.519,1.989,1.169,2.67,0.02,0.022,2.999,0.51,6.861,3.508,7.294,5.846,0.465,1.464,0.523,1.199,2.162,0.233,0.777,1.845,0.182,0.205,7.626,3.966,0.967,2.979,1.492,3.064,0.581,1.125,0.572,3.135,6.229,2.999,3.575,4.082,1.904,0.113,0.525,9.328,1.561,2.472,2.97
"1977-02",2.371,2.187,1.024,4.243,1.059,2.274,1.559,0.633,0.55,6.667,5.136,6.015,10.821,1.428,3.925,2.534,3.73,1.989,1.548,1.203,0.015,0.041,3.107,0.568,5.47,3.9,6.346,7.32,0.405,0.972,0.401,1.425,1.274,0.424,1.211,2.248,0.083,0.52,6.038,10.254,3.352,2.556,0.787,1.471,0.848,1.385,0.593,2.788,6.187,3.902,2.419,4.023,1.548,0.097,0.317,7.072,2.597,2.678,2.973
"1977-03",1.981,2.371,1.093,1.398,1.705,3.239,2.251,0.576,0.528,6.897,5.436,6.705,11.601,1.912,3.822,2.714,3.222,2.064,1.772,1.212,0.028,0.306,3.942,0.902,4.054,1.918,3.168,7.647,0.761,0.811,0.5,1.172,2.256,0.514,1.902,3.015,0.082,0.722,6.894,4.73,0.677,1.065,0.848,2.653,1.014,1.532,0.641,2.417,5.29,4.09,2.101,4.14,2.397,0.047,0.282,5.77,3.303,2.874,2.917
"1977-04",1.935,1.734,1.028,1.633,2.448,2.524,2.661,1.069,0.993,7.373,6.695,6.473,5.458,2.063,2.783,3.08,2.196,2.243,1.664,1.476,0.11,2.281,4.705,1.441,3.473,0.899,1.407,1.964,0.89,1.456,1.321,2.457,1.681,0.735,2.297,3.865,0.078,0.702,6.352,1.035,0.092,0.463,1.578,3.146,0.906,1.688,0.751,2.562,5.27,3.993,1.978,6.082,2.021,0.01,0.391,6.336,3.783,3.15,2.92
"1977-05",1.699,1.629,1.468,2.187,2.965,2.934,2.396,3.257,0.866,6.504,8.465,5.18,2.776,3.233,1.797,3.019,1.817,2.32,1.738,1.215,0.209,3.818,4.162,3.147,2.863,0.905,1.135,1.098,1.136,1.905,1.843,2.194,1.274,1.472,2.734,3.871,0.105,1.252,6.91,0.775,0.38,0.565,2.009,2.596,0.832,1.2,0.565,3.573,3.875,3.643,1.465,6.919,2.245,0.187,3.31,8.021,2.531,3.221,2.948
"1977-06",1.739,2.076,1.365,2.235,2.411,4.116,3.315,7.312,2.948,6.02,8.838,2.051,1.442,3.678,1.203,2.952,1.527,2.794,2.445,0.938,0.441,7.418,3.15,1.565,1.379,0.539,1.159,1.111,1.306,2.714,2.439,2.508,0.842,1.212,3.198,5.334,0.015,2.405,8.491,0.617,1.333,2.41,2.489,3.653,0.846,1.436,0.812,4.235,2.965,3.143,1.559,4.432,2.424,1.292,4.441,7.022,1.515,3.06,2.978
"1977-07",1.822,2.443,2.127,1.851,2.328,3.931,5.211,11.722,4.953,4.868,6.966,1.156,0.514,3.359,1.815,2.817,2.108,2.908,2.062,0.591,0.128,5.751,2.218,2.633,0.387,0.984,0.965,0.907,1.807,2.019,2.677,2.213,0.359,0.875,6.263,5.198,0.109,7.551,7.589,0.568,0.788,4.675,2.235,3.564,0.859,1.238,1.008,4.821,2.262,3.249,2.251,2.159,2.356,2.224,8.125,5.928,1.523,2.834,3.006
"1977-08",1.747,3.215,2.487,1.213,2.875,3.584,4.603,7.841,3.809,6.128,5.358,0.513,0.785,2.94,1.266,2.674,2.904,2.208,2.5,0.187,0.229,6.438,3.311,2.471,0.804,0.187,0.239,0.459,1.612,1.793,3.154,3.42,0.327,0.45,4.778,4.467,0.083,6.487,7.899,0.278,0.513,1.913,1.982,2.795,0.613,1.352,1.006,5.366,2.429,2.984,3.058,1.347,2.066,2.783,6.961,9.086,0.685,2.976,3.013
"1977-09",2.372,2.909,2.898,1.265,1.45,3.692,3.031,8.17,4.079,7.141,5.138,0.697,1.781,1.635,1.749,2.504,2.778,2.272,1.729,0.787,0.115,5.241,4.626,2.011,1.263,0.585,1.367,0.875,1.776,1.496,1.808,2.851,0.229,0.677,2.731,3.506,0.026,3.331,7.984,0.16,0.354,0.506,1.935,2.91,0.653,1.469,1.136,6.252,2.252,2.64,3.876,1.367,1.797,0.665,6.096,6.33,0.895,2.781,2.945
"1977-10",3.02,2.433,1.71,2.486,2.247,3.986,3.382,7.829,6.429,8.68,7.109,1.926,5.437,2.106,2.517,2.861,2.701,1.441,1.411,2.293,0.08,2.881,4.711,2.191,3.213,1.093,1.211,0.823,1.385,1.501,1.246,2.397,0.647,0.3,1.388,1.51,0.07,2.781,7.578,0.208,0.153,0.759,1.545,2.835,0.592,1.334,1.107,5.145,2.339,2.722,4.148,2.306,1.728,1.864,10.483,6.679,1.049,2.403,2.88
"1977-11",2.477,2.796,1.665,3.28,1.748,3.106,1.235,5.319,3.169,8.352,8.417,3.412,9.101,2.28,3.016,2.422,3.166,1.934,1.956,1.532,0.075,1.174,4.845,1.188,6.482,2.118,2.515,0.991,0.936,1.837,0.849,2.029,1.822,0.399,1.316,1.615,0.099,1.314,7.413,0.397,0.834,1.456,1.122,2.458,0.819,1.117,0.73,4.971,2.44,2.768,3.571,3.52,1.925,1.817,7.757,9.765,0.93,2.259,2.901
"1977-12",2.957,2.04,1.011,5.183,1.756,3.563,1.489,1.86,1.239,6.601,6.293,7.918,11.028,2.02,3.383,2.603,2.849,1.645,1.419,2.242,0.02,0.101,3.733,0.304,7.102,2.987,5.543,2.722,0.818,1.341,0.576,1.867,1.61,0.366,0.975,2.162,0.036,0.408,8.104,1.477,1.013,1.711,1.595,2.206,0.575,1.034,0.772,4.287,3.836,2.932,2.908,4.25,2.029,1.064,2.453,10.61,0.966,2.353,2.936
"1978-01",2.85,1.964,0.932,4.285,1.565,2.928,0.959,1.024,1.278,5.754,6.135,9.002,11.313,2.307,3.455,3.132,2.657,1.862,1.369,2.229,0.05,0.056,3.076,0.246,5.088,2.905,7.719,6.121,0.581,1.218,0.437,1.437,1.701,0.338,1.175,2.271,0.114,0.212,8.517,2.987,0.699,1.27,1.28,2.846,0.668,0.898,0.644,3.622,4.694,3.25,3.186,4.316,1.659,0.372,0.481,9.022,1.977,2.475,2.977
"1978-02",1.733,1.478,1.601,5.362,2.278,4.281,1.797,0.435,0.707,6.563,4.576,7.175,12.881,1.643,3.027,2.318,2.606,2.17,1.382,2.289,0.082,0.107,2.763,0.201,3.871,3.161,5.99,7.25,0.708,1.035,0.575,1.424,1.804,0.352,1.104,1.358,0.067,0.235,7.635,7.243,1.265,1.737,1.22,2.691,0.858,1.124,0.639,3.04,4.807,4.027,2.734,1.833,2.104,0.089,0.46,6.708,3.2,2.595,2.957
"1978-03",1.824,1.361,0.85,3.519,2.986,3.163,1.917,0.648,0.757,6.256,6.816,9.804,10.116,2.009,2.281,2.63,3.002,1.291,1.381,1.427,0.073,0.633,4.443,0.616,2.785,3.153,4.8,4.628,0.79,1.004,0.628,1.082,2.185,0.793,2.061,2.383,0.187,0.675,6.063,7.162,0.586,1.646,0.822,2.124,0.952,1.422,0.895,2.592,4.906,3.709,2.355,5.09,1.89,0.081,0.076,5.388,3.102,2.96,2.877
"1978-04",1.399,1.591,1.024,2.133,3.006,3.596,1.387,1.139,0.919,6.846,6.524,7.097,7.891,2.184,2.084,2.561,1.786,2.779,2.341,1.356,0.062,1.248,4.524,2.416,2.742,0.297,1.422,2.957,0.982,1.619,0.944,1.12,2.063,0.825,2.061,3.323,0.239,1.255,7.523,1.472,0.292,0.656,1.226,3.282,0.917,1.705,0.632,2.261,5.361,3.873,2.352,4.95,2.45,0.015,0.553,5.526,2.906,3.057,2.867
"1978-05",2.016,1.557,1.323,2.849,4.626,2.431,1.653,3.676,2.62,7.261,8.894,3.319,1.309,4.302,1.35,3.233,1.513,1.917,2.649,1.072,0.27,3.716,4.201,4.932,4.649,0.397,1.54,3.311,0.99,2.295,1.872,1.303,1.26,0.749,2.823,4.046,0.763,1.613,7.511,0.398,0.102,1.631,1.958,3.57,0.795,1.41,0.442,2.887,5.932,3.397,1.737,6.712,2.035,0.127,3.053,5.725,1.988,3.065,2.952
"1978-06",2.251,2.281,1.774,2.88,3.884,2.993,2.277,7.729,4.037,6.165,7.828,0.868,0.333,5.464,1.872,3.206,1.576,3.944,2.598,1.228,0.456,7.799,3.615,2.45,2.659,0.495,0.8,1.209,1.24,1.306,3.31,1.622,0.855,0.86,3.717,5.016,0.134,2.552,7.57,0.192,0.215,1.086,1.963,3.979,0.658,1.404,0.631,3.637,5.077,3.177,2.051,4.731,2.323,2.748,2.423,6.889,1.477,3.072,3.038
"1978-07",1.587,2.487,2.197,2.343,3.722,3.759,2.952,11.011,4.259,5.946,6.333,0.884,0.289,5.075,1.651,2.992,1.831,3.229,2.924,0.459,0.201,6.688,2.695,2.332,0.921,0.569,0.483,0.408,1.623,2.518,3.217,2.654,0.451,1.003,4.844,5.376,0.125,8.114,7.3,0.157,0.112,0.402,1.858,3.596,0.909,1.299,1.204,4.525,4.951,2.805,2.055,2.389,1.857,5.322,8.75,4.492,1.38,2.988,3.049
"1978-08",1.835,2.498,2.494,1.836,3.323,3.224,3.204,7.017,2.902,4.896,4.802,0.491,0.318,3.901,1.44,2.738,2.758,2.546,2.433,0.301,0.388,7.144,3.683,2,1.048,0.523,0.647,0.604,1.866,1.626,2.669,2.7,0.142,1.08,5.513,5.806,0.023,5.882,6.395,0.207,0.466,0.437,1.895,2.423,0.796,1.245,1.168,5.452,5.483,2.802,2.856,1.598,2.235,2.85,8.471,2.545,1.048,2.814,3.002
"1978-09",2.506,2.912,2.363,1.215,2.566,3.948,4.251,7.391,3.856,7.704,4.601,0.242,1.561,3.447,2.682,2.617,2.922,1.568,1.296,0.984,0.09,4.202,4.408,2.678,1.493,0.486,0.675,0.855,1.458,1.287,2.089,3.008,0.43,0.73,2.641,3.038,0.091,3.786,5.567,0.053,0.041,0.231,1.846,3.418,0.794,1.248,0.989,5.803,4.994,2.505,3.581,1.744,2.327,1.779,6.887,2.968,1.277,2.567,2.916
"1978-10",2.097,2.96,2.017,2.558,1.804,3.056,2.636,6.899,5.564,8.849,6.297,1.8,4.685,1.918,2.75,2.679,3.573,2.391,1.475,1.729,0.085,4.125,6.415,3.488,5.032,0.716,2.053,2.12,1.318,1.472,1.448,2.816,0.706,0.573,1.86,2.278,0.147,3.23,5.375,0.04,0.125,0.629,1.938,2.91,0.74,1.032,0.807,5.113,5.809,1.999,3.841,2.105,2.207,4.537,6.511,3.195,1.187,2.499,2.944
"1978-11",1.987,1.79,1.866,4.393,1.733,4.617,1.522,4.434,3.231,8.74,6.056,3.122,9.218,1.624,3.382,2.439,3.918,1.54,1.62,2.155,0.101,1.642,6,3.719,7.089,1.431,2.386,3.706,1.157,1.651,1.325,2.452,2.113,0.384,1.29,1.822,0.586,1.622,6.188,0.231,0.273,1.507,1.482,2.768,0.676,0.938,0.844,3.978,6.355,2.448,3.377,3.436,2.073,5.721,3.481,4.861,1.475,2.347,2.951
"1978-12",1.64,1.906,0.936,5.382,2.348,4.519,2.967,1.861,1.412,6.467,5.96,4.248,12.125,1.731,4.074,2.878,2.964,2.826,2.335,2.103,0.041,0.076,3.854,1.679,10.133,2.325,6.519,3.56,0.805,1.541,0.555,1.704,1.782,0.483,0.629,2.322,0.293,0.879,5.989,0.597,0.438,0.66,0.996,2.707,0.491,0.925,0.74,3.315,7.998,2.548,3.189,4.463,1.887,2.955,6.077,7.409,1.014,2.378,2.975
"1979-01",2.475,2.062,1.254,4.521,1.134,2.806,1.626,0.73,0.805,5.736,3.217,6.573,11.914,1.821,5.391,2.732,2.124,1.969,1.449,2.604,0.042,0.01,2.641,0.488,7.212,3.553,7.009,8.389,0.396,1.058,0.447,1.744,1.806,0.305,1.233,2.139,0.086,0.507,6.223,3.255,1.267,1.77,1.08,2.05,0.553,1.102,0.636,2.926,8.763,2.657,3.637,2.708,1.782,0.173,0.474,10.249,2.278,2.413,3.019
"1979-02",2.077,1.283,0.787,4.755,1.586,3.858,2.328,0.412,1.387,6.073,2.862,6.216,11.409,1.696,3.627,2.437,2.381,2.52,1.122,1.905,0.024,0.072,3.548,0.883,5.834,2.348,4.136,8.73,0.638,1.06,0.52,1.154,1.592,0.334,1.31,1.886,0.097,0.387,5.206,11.408,3.62,4.729,1.248,2.183,0.755,1.68,0.65,2.314,7.903,3.532,3.231,2.352,2.189,0.133,0.185,8.234,3.031,2.657,3.028
"1979-03",1.63,1.102,1.257,5.422,1.499,3.542,1.234,0.192,1.333,7.808,5.892,7.801,12.432,2.318,3.192,2.994,2.877,2.659,2.528,1.412,0.103,0.319,4.004,2.071,6.948,3.029,4.663,4.299,0.808,1.639,1.014,0.947,1.965,0.416,1.646,2.318,0.411,1.226,4.79,5.363,2.491,1.086,1.512,3.147,1.099,1.492,0.546,2.016,6.639,4.084,2.731,4.233,2.087,0.271,0.127,5.152,3.736,2.984,3.022
"1979-04",1.57,1.498,1.606,3.238,3.087,2.925,0.631,0.362,0.549,8.574,7.899,6.19,5.122,2.323,2.437,2.211,2.479,2.575,1.409,1.085,0.066,1.221,5.224,1.604,5.596,1.005,2.169,3.009,0.726,1.255,1.292,1.445,1.755,1.228,2.576,2.841,0.317,0.828,7.917,2.936,0.668,0.726,1.969,2.154,1.111,1.836,0.65,1.787,6.99,3.292,2.206,5.543,2.055,0.134,0.093,5.825,3.669,3.083,2.929
"1979-05",1.376,1.408,1.248,2.87,4.842,3.606,1.19,2.403,1.531,7.104,9.574,3.014,1.767,2.715,1.813,2.776,1.354,3.079,2.831,0.958,0.634,4.18,5.496,4.563,6.549,0.392,1.471,2.08,0.815,1.705,1.5,1.979,1.188,1.573,2.971,4.496,0.204,1.298,6.519,0.985,0.465,1.283,1.574,2.889,1.11,1.267,0.569,2.289,6.025,3.165,1.646,6.836,2.423,0.237,0.435,9.509,2.569,3.261,2.988
"1979-06",1.639,2.028,1.695,2.14,3.654,3.808,2.044,9.032,4.357,5.347,9.205,0.945,0.275,3.592,0.994,2.596,2.414,2.028,2.245,1.35,0.678,6.43,3.367,2.197,1.352,0.564,0.938,1.018,1.463,2.43,2.103,2.093,0.756,1.225,3.191,4.44,0.028,3.16,8.31,0.391,1.013,1.639,2.586,3.693,0.72,1.448,0.876,3.453,4.191,3.066,1.707,5.859,2.024,2.585,8.504,10.688,1.399,3.201,3.059
"1979-07",1.707,2.138,2.432,1.624,3.721,3.68,4.67,14.79,5.206,6.415,7.475,0.508,0.525,3.166,2.136,2.408,1.954,2.957,2.028,0.73,0.371,7.281,2.555,2.519,0.921,0.619,1.02,0.802,1.63,2.057,3.57,2.7,0.501,1.13,4.062,6.933,0.036,3.88,8.495,0.322,0.483,2.026,1.946,3.669,0.787,1.333,0.933,3.779,3.548,3.06,2.138,2.67,2.803,1.576,5.639,7.257,0.981,2.991,3.053
"1979-08",1.747,2.744,2.275,1.591,2.973,3.601,3.247,8.337,4.407,5.137,5.767,0.437,0.695,2.525,1.66,2.556,2.541,3.151,1.99,0.381,0.3,6.484,3.016,2.843,0.815,0.289,0.348,0.723,1.628,1.71,2.81,2.818,0.562,0.451,3.848,5.167,0.648,8.298,8.807,0.256,1.837,1.847,2.144,3.58,0.577,1.256,1.228,4.744,2.789,2.644,2.783,1.547,1.953,2.993,7.871,8.014,1.023,2.804,2.971
"1979-09",2.355,3.233,2.579,1.378,3.033,3.973,3.682,9.149,4.47,6.959,5.139,0.334,3.26,3.031,1.877,2.218,2.683,2.314,1.877,0.773,0.086,5.099,4.756,2.012,1.293,0.619,1.115,0.382,1.141,1.196,1.726,3.069,0.297,0.542,3.073,5.129,0.027,5.245,9.323,0.48,0.552,2.859,1.393,2.799,0.581,1.562,1.127,5.32,2.205,2.827,3.198,1.65,2.161,1.018,6.776,6.02,0.919,2.644,2.964
"1979-10",2.039,2.729,1.947,2.648,1.082,3.439,0.493,8.562,6.093,9.278,6.071,0.704,6.018,1.225,2.382,2.309,3.514,2.182,1.5,1.354,0.094,2.946,4.791,1.748,2.611,0.637,1.065,1.047,1.099,1.883,1.21,2.561,0.481,0.394,0.944,2.941,0.01,2.546,7.948,0.275,0.387,0.964,1.261,2.404,0.73,1.446,0.829,5.608,2.295,2.45,3.983,2.06,1.869,2.978,8.542,8.199,0.922,2.54,2.898
"1979-11",1.948,2.771,1.881,4.185,1.743,3.319,1.727,3.894,1.643,8.238,8.383,2.436,7.676,1.653,3.61,2.517,3.712,2.829,2.237,1.807,0.015,0.354,4.162,1.281,5.599,1.57,4.002,3.666,1.013,0.87,0.927,1.974,0.922,0.385,0.707,2.465,0.044,1.344,8.471,0.599,0.525,3.29,0.977,2.511,0.674,0.673,0.66,4.998,2.643,2.961,2.809,3.525,1.791,2.971,6.828,8.912,0.991,2.331,2.907
"1979-12",1.963,2.817,1.378,2.903,0.942,2.476,2.188,1.288,1.333,6.059,8.537,8.35,11.043,2.222,2.766,2.783,3.581,1.816,1.175,2.017,0.052,0.128,3.842,0.202,5.693,2.49,6.435,4.434,0.753,0.752,0.417,1.925,1.369,0.218,1.182,2.306,0.056,0.505,8.063,2.916,1.179,1.175,1.542,2.022,0.485,0.891,1.025,4.096,3.516,3.002,3.13,5.055,1.408,1.041,2.269,13.647,0.93,2.459,2.982
"1980-01",1.741,2.11,1.22,3.763,1.409,3.07,0.749,1.296,1.043,5.177,5.384,9.582,13.586,2.483,4.447,2.58,3.789,2.347,1.929,1.01,0.033,0.037,2.506,0.244,4.802,3.563,5.968,8.177,0.862,1.162,0.41,1.099,0.959,0.283,0.657,1.827,0.109,0.202,8.793,7.523,2.905,2.553,1.327,3.395,0.602,0.894,0.71,3.652,3.375,3.182,2.915,4.281,1.596,0.332,0.274,11.54,1.445,2.488,2.973
"1980-02",2.318,1.657,0.994,3.672,1.855,2.923,1.64,0.729,0.548,5.777,5.754,9.436,12.222,1.724,4.369,2.702,2.922,2.004,1.689,1.298,0.026,0.038,3.384,0.214,5.337,4.678,5.662,6.199,0.553,1.202,0.593,1.27,1.321,0.37,1.032,1.696,0.287,0.455,7.272,5.141,1.232,3.409,1.417,3.399,0.897,1.134,0.671,3.176,3.435,3.772,2.702,4.126,1.654,0.085,0.15,8.591,2.447,2.733,2.909
"1980-03",1.245,1.435,1.166,4.122,1.635,3.269,1.66,0.582,0.69,5.92,3.739,9.541,11.87,1.144,2.945,2.236,2.045,3.033,2.039,1.541,0.022,0.334,3.238,1.006,4.603,2.825,2.89,8.494,0.444,1.324,0.937,1.104,1.595,0.444,1.97,2.013,0.376,0.877,6.661,9.702,2.053,2.247,1.475,3.131,0.901,1.518,0.577,3.065,3.715,4.038,2.706,4.164,2.527,0.321,0.966,3.828,3.603,2.795,2.924
"1980-04",1.589,1.936,1.586,2.763,3.228,2.528,0.929,0.859,0.559,5.962,5.64,6.369,7.735,1.454,2.911,1.816,1.442,2.181,1.752,1.313,0.152,2.044,5.377,2.101,3.492,0.784,1.607,2.695,0.634,1.637,1.092,1.729,1.216,1.329,1.778,3.036,0.078,0.683,7.049,3.79,0.82,0.863,1.477,2.508,0.887,1.621,0.488,3.016,3.658,4.147,1.746,7.632,2.281,0.084,1.005,6.923,3.555,3.203,2.935
"1980-05",1.232,1.696,1.493,2.072,3.643,3.306,2.769,2.941,0.678,5.928,8.341,3.398,1.202,3.237,1.6,2.57,2.553,2.741,1.65,0.574,0.191,3.197,4.485,3.109,3.678,0.294,1.132,2.61,0.884,1.507,1.362,1.592,1.206,1.277,2.67,4.137,0.068,1.042,7.986,0.625,0.148,1.207,1.972,3.613,0.736,1.41,0.724,3.743,3.38,3.821,1.644,8.625,1.877,0.275,4.231,6.118,2.127,3.137,2.925
"1980-06",1.505,1.573,2.184,2.813,3.888,4.056,1.625,5.528,3.259,5.881,8.229,1.965,0.761,2.859,1.413,3.173,1.654,3.012,1.73,1.272,0.248,6.254,3.014,1.877,0.94,0.775,0.907,0.92,1.583,1.657,2.298,1.935,0.943,0.903,2.635,5.687,0.019,1.417,6.728,0.158,0.251,0.602,2.619,2.695,0.748,1.647,0.778,4.346,3.132,3.161,1.465,7.086,2.469,3.091,2.277,9.679,1.426,3.178,2.976
"1980-07",1.717,2.2,2.409,2.221,3.284,3.913,4.947,9.791,3.026,5.272,6.957,0.612,0.348,3.59,2.017,2.68,2.042,2.464,1.464,0.723,0.288,7.303,2.337,1.935,0.631,0.56,0.813,0.847,1.692,1.612,3.103,1.851,0.362,1.159,5.533,5.803,0.009,4.428,7.442,0.23,0.319,1.05,2.227,3.676,0.802,1.317,1.247,5.404,3.137,3.333,2.105,2.973,2.339,2.235,4.539,6.589,0.988,3.002,3.066
"1980-08",1.584,2.706,2.576,1.783,3.475,4.091,3.733,7.996,4.18,5.683,6.059,0.588,0.438,2.333,1.969,2.839,2.638,3.025,1.477,0.577,0.121,5.743,3.704,2.35,0.856,0.384,0.293,0.354,2.191,1.282,2.262,2.343,0.206,0.908,4.977,5.877,0.007,4.786,8.114,0.111,0.077,0.653,1.79,3.442,0.662,1.038,1.218,5.436,3.364,2.75,2.894,1.901,1.743,1.543,6.32,6.882,0.776,2.946,2.988
"1980-09",2.128,2.499,2.171,1.873,2.472,3.498,4.021,6.56,3.437,7.499,5.634,1.008,1.834,1.954,1.67,2.424,2.955,2.955,1.38,0.952,0.151,5.215,4.653,1.815,1.17,0.639,0.797,0.383,1.651,1.423,2.135,2.489,0.263,0.546,3.478,2.83,0.032,4.057,6.904,0.087,0.186,0.765,1.068,2.851,0.646,1.507,1.195,5.837,3.783,2.731,3.696,1.453,1.953,0.849,6.454,5.998,0.836,2.742,2.935
"1980-10",2.129,3.244,1.696,2.497,1.826,3.607,3.037,6.124,4.173,8.939,5.891,1.401,6.257,1.917,3.789,2.372,2.813,1.636,2.358,1.729,0.115,3.168,5.193,3.941,4.885,0.689,1.723,1.443,1.184,1.908,1.272,2.451,1.052,0.527,0.82,1.698,0.333,1.283,6.198,0.094,0.35,0.982,1.611,2.99,0.945,1.194,0.934,5.137,3.663,2.345,4.061,1.868,2.04,3.235,7.151,7.548,1.12,2.505,2.905
"1980-11",1.328,2.288,1.425,3.409,1.989,4.229,2.435,3.179,1.856,8.243,5.671,2.355,9.103,1.356,4.326,2.152,3.965,3.108,1.709,1.495,0.027,0.572,4.677,2.481,8.636,1.168,1.718,1.102,1.002,1.446,0.846,1.8,1.569,0.456,0.847,2.678,0.294,0.696,7.124,0.273,0.309,1.224,1.708,3.622,0.433,1.137,0.735,4.372,5.353,2.665,3.231,2.941,2.05,3.035,4.969,8.409,0.908,2.504,2.927
"1980-12",2.068,2.363,1.534,3.846,2.059,3.772,3.197,1.737,1.678,7.271,5.198,7.896,12.125,1.261,3.387,2.535,2.897,3.077,2.222,1.823,0.08,0.102,4.116,2.298,9.746,2.886,4.48,4.783,0.784,0.987,0.784,1.496,1.404,0.202,0.997,2.108,0.613,1.092,5.919,0.93,0.394,1.879,0.926,2.955,0.483,0.985,0.66,3.531,7.281,2.931,3.563,2.543,1.976,1.14,0.376,7.774,1.502,2.333,2.983
"1981-01",2.214,1.703,0.935,4.512,1.605,3.325,2.221,0.819,1.202,5.259,3.851,7.981,12.92,2.144,4.642,3.11,3.504,2.099,1.911,1.87,0.062,0.043,3.54,1.233,8.447,4.635,7.058,6.173,0.687,1.412,0.464,1.339,2.026,0.327,1.213,1.682,0.222,0.861,5.213,7.805,0.964,0.974,0.935,2.357,0.619,1.15,0.725,2.905,8.007,2.962,3.474,3.265,1.768,0.889,0.686,7.425,1.541,2.443,3.001
"1981-02",2.392,2.417,0.918,2.706,1.389,2.651,3.233,0.887,0.855,5.908,4.098,9.299,13.343,1.408,4.327,2.402,2.14,2.15,1.513,1.901,0.181,0.105,4.224,1.092,4.446,3.711,5.066,10.88,0.57,1.102,0.45,1.05,2.405,0.54,1.536,2.348,1.381,1.044,4.646,8.272,1.258,1.697,1.129,2.421,0.855,1.47,0.641,2.397,7.202,3.855,2.922,3.675,2.103,0.15,0.208,4.834,3.461,2.738,3.035
"1981-03",2.05,1.766,1.006,3.272,2.018,2.759,2.819,0.543,1.005,7.872,5.106,7.677,8.151,1.535,2.164,2.55,1.202,1.813,1.828,2.707,0.074,1.107,5.348,1.436,3.005,2.248,3.11,2.702,0.512,1.174,0.683,1.324,2.443,0.744,1.643,2.557,0.217,0.325,5.738,6.258,1.099,1.027,1.098,2.148,1.051,1.862,0.537,2.107,7.008,4.111,2.987,4.723,2.34,0.106,0.046,4.194,3.813,2.887,2.981
"1981-04",1.541,1.741,1.193,3.06,2.085,3.422,1.273,0.481,0.896,7.409,7.441,5.485,5.103,2.752,2.155,3.079,1.787,1.917,1.808,1.365,0.276,3.202,5.951,2.368,5.584,1.594,2.546,2.027,0.621,0.938,0.921,1.674,2.957,1.023,2.829,2.668,0.505,1.33,6.955,1.355,0.754,0.983,1.808,2.288,1.041,1.602,0.614,1.851,7.278,3.656,2.039,8.002,1.855,0.065,0.498,5.201,2.674,3.137,2.959
"1981-05",1.442,1.588,1.506,3.26,2.572,2.621,2.863,4.343,2.96,7.085,8.688,2.014,0.955,2.03,1.847,2.758,1.753,2.515,1.177,1.7,0.459,4.561,5.517,2.74,3.841,0.848,1.258,1.287,0.747,1.575,1.821,1.579,3.325,1.056,3.449,3.577,0.736,1.028,5.25,0.802,1.882,1.84,2.283,4.088,1.015,1.532,0.514,2.3,7.323,2.885,1.593,7.939,2.257,0.075,0.223,7.254,2.559,3.323,2.968
"1981-06",1.675,1.486,1.914,2.782,3.963,3.914,2.236,9.218,5.051,4.655,7.555,0.728,0.217,4.306,1.09,2.895,1.876,2.675,2.932,1.129,0.434,7.503,4.603,3.81,3.097,0.425,1.508,1.449,1.707,1.3,2.005,3.185,2.139,1.738,3.075,6.123,0.196,2.075,8.383,0.808,0.366,1.55,2.12,4.263,0.927,1.418,0.985,3.343,4.125,3.481,1.917,5.422,2.167,3.477,4.605,6.146,1.639,2.876,3.068
"1981-07",2.281,2.494,2.144,1.703,3.541,4.497,3.865,12.079,4.688,5.579,6.717,0.487,0.475,3.619,1.612,2.425,1.397,3.202,2.256,1.014,0.195,6.597,2.486,2.374,0.67,0.411,1.01,1.847,1.36,1.924,3.362,2.585,0.448,1.017,5.181,5.873,0.012,5.763,7.787,0.265,0.412,1.547,3.163,3.774,0.862,1.332,1.276,4.319,4.161,3.107,2.363,2.962,2.113,1.712,6.379,3.62,1.422,2.846,3.024
"1981-08",1.383,2.869,2.607,2.258,2.885,3.17,3.988,7.081,3.338,4.717,5.462,0.378,0.989,2.319,2.328,2.378,2.671,2.959,2.037,0.555,0.247,6.301,3.64,2.312,1.102,0.284,0.845,1.445,1.328,1.759,3.049,2.472,0.312,1.096,4.526,5.765,0.037,6.405,7.994,0.149,0.249,1.547,2.314,3.383,0.73,1.256,1.229,5.099,3.708,3.006,3.095,1.813,2.097,2.419,9.132,5.307,1.07,2.699,3.016
"1981-09",2.444,2.97,2.195,1.191,2.437,4.459,3.672,8.191,3.8,7.473,4.245,0.531,2.133,2.516,2.861,2.361,3.189,1.549,1.568,0.952,0.088,4.734,4.73,2.169,1.707,0.367,1.036,0.623,1.564,1.745,2.404,1.664,0.279,0.624,2.977,2.83,0.023,5.111,8.208,0.09,0.412,2.798,1.691,3.704,0.744,1.644,1.302,5.488,3.633,2.605,3.334,1.487,2.213,1.707,7.127,4.744,1.014,2.761,2.957
"1981-10",2.296,3.326,1.987,2.113,2.55,3.436,3.331,6.585,3.329,7.822,5.539,1.784,6.976,1.528,3.689,2.167,2.614,1.79,2.437,1.789,0.055,3.131,4.903,2.131,3.967,0.969,0.993,1.001,1.629,1.801,1.21,2.365,0.895,0.439,1.185,2.219,0.179,2.974,5.41,0.188,0.2,0.302,1.387,2.253,0.616,1.809,0.903,5.164,4.89,2.528,3.426,2.039,2.074,3.279,4.562,7.493,1.007,2.653,2.938
"1981-11",2.452,2.289,1.532,3.278,2.684,3.036,3.741,4.166,2.612,8.073,7.753,1.857,4.764,0.937,4.042,1.823,3.295,1.373,0.884,2.041,0.028,0.968,4.849,3.891,10.4,2.088,3.653,1.722,1.101,1.055,0.701,2.258,2.222,0.706,2.115,2.478,0.597,0.569,5.481,0.518,0.482,0.693,1.343,2.723,0.52,1.253,0.915,4.737,4.642,2.627,3.906,3.298,1.591,1.052,1.673,8.534,1.033,2.506,2.925
"1981-12",2.562,2.297,1.289,4.029,2.199,3.482,3.169,1.748,0.758,5.265,6.303,4.161,12.422,2.142,4.921,2.892,2.991,2.68,1.654,2.371,0.038,0.056,3.654,1.38,9.706,2.419,4.49,4.029,0.574,0.85,0.425,1.631,1.995,0.606,1.039,2.846,0.04,0.265,6.46,0.992,0.32,1.714,1.308,3.788,0.556,0.793,0.778,3.53,6.946,2.655,3.132,3.629,1.781,0.491,0.996,11.21,1.32,2.359,2.987
"1982-01",2.928,2.031,1.127,3.83,1.913,3.783,2.146,0.951,1.575,6.028,4.72,5.822,12.415,2.561,4.572,3.277,1.971,2.109,1.77,3.207,0.285,0.078,2.941,0.41,7.497,2.92,6.285,7.046,0.61,0.894,0.708,1.386,1.414,0.206,0.864,1.648,0.274,0.624,5.899,3.743,1.049,1.043,1.363,3.196,0.637,1.019,0.57,2.936,7.696,3.233,3.048,3.68,1.749,0.354,0.371,7.966,1.852,2.406,2.978
"1982-02",1.831,1.633,0.872,5.071,1.669,3.411,2.266,0.907,1.749,5.09,5.099,7.852,14.284,2.624,4.295,2.773,3.497,1.707,1.814,1.272,0.114,0.058,2.492,0.694,4.182,3.772,7.744,9.429,0.662,0.998,0.394,0.939,2.62,0.438,1.618,2.538,0.217,0.97,5.93,8.42,0.854,0.919,1.315,2.999,0.86,1.322,0.732,2.391,6.035,3.263,3.446,4.032,1.74,0.146,0.206,5.853,3.033,2.533,2.955
"1982-03",2.141,1.3,1.07,4.037,2.483,3.318,1.656,0.363,1.088,7.715,5.674,6.643,9.05,2.405,4.227,3.061,2.996,2.03,0.979,1.529,0.078,0.659,4.276,0.907,3.095,0.844,2.66,7.761,1.072,0.77,0.596,1.086,2.133,0.544,2.187,2.116,0.37,1.058,5.519,8.888,1.216,0.428,1.288,2.732,0.911,1.628,1.007,2.139,7.388,3.758,2.596,4.104,2.295,0.062,0.135,5.111,3.167,2.879,2.971
"1982-04",1.77,1.706,1.298,2.836,2.531,3.243,0.988,0.725,0.929,6.391,7.601,5.334,5.533,2.424,2.18,3.524,2.369,1.71,1.442,1.644,0.192,1.548,4.551,2.266,6.183,1.183,2.285,4.493,1.025,0.972,1.009,0.818,3.364,1.138,2.444,4.018,0.683,0.855,6.266,1.96,0.352,0.647,0.813,2.83,0.967,1.526,0.838,2.058,6.536,3.736,2.167,7.726,1.819,0.033,0.083,7.185,2.208,3.033,2.934
"1982-05",1.288,1.454,1.255,2.391,4.57,3.797,1.45,2.686,1.237,7.5,8.622,2.464,1.731,3.043,2.063,2.729,2.394,3.117,2.53,0.798,0.322,2.538,4.172,4.47,3.87,0.688,0.991,1.937,1.24,1.387,1.254,2.446,1.904,1.462,3.124,4.65,0.546,1.042,6.179,0.974,0.749,3.709,1.522,2.491,0.971,1.836,0.727,2.748,5.613,3.491,1.587,7.919,2.61,0.144,0.208,8.331,2.503,3.149,2.994
"1982-06",1.796,2.198,1.895,2.07,4.16,3.502,2.011,7.14,4.78,5.69,8.385,0.62,0.289,3.959,1.154,3.041,1.758,2.827,2.078,1.222,0.401,7.872,3.59,3.07,1.746,0.228,0.626,1.894,1.367,2.056,2.579,3.02,1.408,1.247,3.293,5.501,0.594,1.975,7.205,0.453,0.413,1.063,2.321,3.699,0.836,1.745,0.996,3.823,4.499,3.484,1.718,4.798,2.445,3.842,6.089,8.046,1.272,2.871,3.065
"1982-07",1.453,2.382,2.335,1.841,2.783,3.403,3.573,10.222,5.122,4.366,5.573,0.646,0.292,2.983,1.175,2.663,2.329,3.463,2.492,0.585,0.233,6.317,2.399,2.543,0.8,0.241,0.552,0.658,1.78,1.734,3.2,2.475,0.375,1.03,5.741,5.284,0.022,7.077,7.814,0.249,0.35,1.573,2.32,3.108,0.804,1.769,1.06,4.413,4.074,2.929,2.691,2.072,2.353,3.79,9.673,6.731,1.033,3.03,3.032
"1982-08",1.468,3.026,2.091,1.601,3.867,4.22,3.443,9.475,4.181,3.935,4.519,0.278,0.518,2.89,1.551,2.646,2.593,1.946,2.575,0.305,0.109,5.801,3.049,1.958,0.874,0.421,0.898,1.175,1.389,2.184,2.93,2.889,0.229,1.127,4.147,5.538,0.013,5.874,6.854,0.154,0.07,0.362,1.962,2.598,0.67,1.602,1.196,5.666,4.249,2.87,2.904,1.613,2.257,1.618,7.814,4.809,0.85,2.949,3.004
"1982-09",2.374,3.184,2.589,2.229,2.065,3.899,3.138,6.953,4.071,6.1,3.916,0.173,1.596,2.587,1.083,2.492,2.129,1.984,1.679,0.685,0.028,4.008,4.271,2.225,1.436,0.368,0.697,0.499,1.581,1.2,1.944,2.972,0.708,0.644,2.557,3.8,0.052,3.569,5.346,0.154,0.059,0.323,0.895,2.177,0.637,1.388,1.034,5.811,4.709,2.646,3.718,1.638,2.273,1.194,6.815,6.028,0.865,2.816,2.911
"1982-10",2.483,2.035,2.007,4.212,3.058,4.66,1.624,7.701,3.979,8.615,4.96,1.285,6.467,1.505,2.937,2.623,2.892,2.818,2.355,1.797,0.087,2.653,4.733,3.109,4.205,1.008,1.816,1.515,1.337,2.1,1.275,3.009,0.459,0.421,1.305,2.324,0.231,2.376,4.881,0.085,0.136,0.882,0.963,2.704,0.536,1.706,0.785,4.84,4.745,2.305,3.706,1.516,2.296,3.824,6.688,6.942,1.236,2.614,2.888
"1982-11",1.988,2.205,1.713,4.434,1.349,4.104,2.98,5.369,2.805,8.241,6.943,2.696,8.027,1.894,3.906,2.16,2.73,3.292,2.356,2.596,0.051,0.959,5.311,2.491,8.72,1.581,3.227,3.367,0.935,1.764,1.147,2.248,1.446,0.711,0.479,1.916,0.449,1.616,5.843,0.212,0.489,1.217,1.047,2.579,0.506,1.224,0.789,4.523,5.267,2.282,3.286,2.846,2.21,3.539,7.694,7.222,1.082,2.511,2.943
"1982-12",1.875,2.151,1.349,3.883,2.054,3.647,2.48,1.535,2.086,7.418,5.162,4.545,10.613,2.192,4.866,2.725,2.818,2.828,1.646,2.511,0.036,0.061,3.549,1.676,10.382,2.867,5.95,4.841,0.713,1.249,0.776,1.994,1.588,0.465,0.901,2.686,0.151,0.505,5.261,0.866,0.693,0.905,0.877,1.78,0.498,0.926,0.621,3.628,7.152,2.56,3.332,3.366,2.129,1.728,1.751,10.655,1.355,2.263,2.965
"1983-01",2.69,1.84,0.843,4.071,1.04,3.09,1.421,1.055,1.184,5.277,4.606,8.427,12.519,1.86,4.578,2.244,3.484,1.39,1.606,1.261,0.044,0.009,1.902,0.265,5.603,3.048,7.587,9.113,0.814,0.876,0.556,1.067,1.511,0.243,1.427,2.288,0.056,0.196,7.014,4.258,2.41,2.378,1.238,2.012,0.581,1.249,0.751,2.698,7.896,3.02,3.151,3.996,1.471,0.173,0.099,9.918,2.23,2.473,3.007
"1983-02",2.367,1.485,1.005,3.707,1.252,3.141,4.094,0.962,1.678,5.393,3.977,6.853,13.558,1.896,4.724,2.925,2.367,1.331,1.18,2.014,0.116,0.196,3.071,0.392,3.803,3.635,6.927,6.162,0.812,0.703,0.447,1.093,2.01,0.678,1.362,3.079,0.241,0.25,5.403,9.488,3.514,1.736,1.069,2.708,0.848,1.09,0.958,2.573,6.436,3.46,2.969,3.58,2.14,0.094,0.013,4.811,3.781,2.604,2.982
"1983-03",2.223,1.992,1.69,4.071,3.136,2.886,1.798,0.535,1.175,6.527,5.747,6.864,10.016,1.857,4.779,3.161,2.856,1.708,1.601,1.075,0.021,0.144,3.092,0.686,3.849,2.64,3.973,3.454,0.561,1.3,0.826,1.518,1.274,0.694,1.225,3.374,0.044,0.504,7.133,6.016,1.63,4.191,1.208,3.482,0.846,1.66,0.852,2.336,6.496,3.598,2.275,3.248,2.16,0.031,0.054,4.775,4.231,2.977,2.986
"1983-04",1.832,1.647,1.517,2.805,2.062,3.738,1.391,1.25,1.572,8.331,9.185,5.384,4.341,2.217,2.44,2.774,2.699,2.404,1.698,0.921,0.028,1.74,4.993,2.218,2.424,0.721,1.465,1.449,0.818,1.242,1.322,1.103,1.238,0.926,1.867,3.831,0.082,0.322,6.356,3.278,1.789,1.185,1.673,3.356,0.887,1.617,0.741,2.06,7.107,3.357,1.943,6.118,1.804,0.006,0.048,4.604,3.827,3.068,2.9
"1983-05",1.528,1.498,1.452,2.621,3.467,4.138,1.26,3.286,1.86,6.729,9.175,2.02,0.94,2.562,1.75,2.984,1.86,1.951,1.373,1.613,0.34,4.527,4.856,3.276,3.465,0.746,1.086,0.904,1.029,2.391,2.052,1.489,1.289,1.477,3.473,3.743,0.288,1.045,7.202,1.053,0.443,1.184,2.707,4.042,1.01,1.71,0.715,2.537,6.27,3.195,1.666,8.713,2.43,0.086,1.489,6.668,2.379,3.221,2.998
"1983-06",1.301,1.858,2.121,2.959,4.252,3.76,1.98,8.837,5.449,3.87,7.426,0.972,0.187,3.652,0.791,2.848,2.089,2.335,2.327,1.035,0.48,7.147,3.515,2.932,2.085,0.401,0.753,1.569,1.477,2.034,2.462,2.39,0.992,1.038,4.04,4.685,0.032,2.996,7.533,0.548,1.079,1.179,3.126,3.618,0.761,1.249,0.758,3.785,4.005,3.084,1.754,6.06,1.987,1.592,9.773,9.096,1.367,3.073,3.025
"1983-07",1.472,2.931,2.293,1.44,2.714,4.351,2.983,13.102,4.063,4.914,7.453,0.505,0.261,2.734,1.439,2.776,2.213,2.352,2.493,0.377,0.12,5.872,2.34,2.097,0.573,0.351,1.16,1.224,1.956,1.971,2.8,2.87,0.324,0.788,5.983,5.837,0.012,6.548,6.963,0.325,0.436,1.288,3.464,4.69,0.799,1.412,0.959,4.386,3.559,3.109,2.365,2.998,2.303,2.115,7.195,5.458,1.65,2.795,3.011
"1983-08",2.502,2.708,2.161,1.545,2.427,3.746,3.366,9.353,4.421,4.4,5.595,0.434,0.278,1.742,1.051,2.005,2.629,1.939,2.15,0.336,0.15,5.696,3.193,2.471,0.697,0.233,0.519,0.688,1.652,1.671,2.968,2.247,0.296,0.549,4.386,5.428,0.093,6.311,8.163,0.217,1.013,2.058,2.522,3.515,0.689,1.679,1.228,4.976,3.237,2.847,3.114,1.714,2.189,1.852,8.803,8.481,1.171,2.747,3.007
"1983-09",2.262,2.403,2.737,1.197,1.928,4.549,4.777,8.612,3.399,6.83,4.384,0.309,3.339,2.011,3.26,2.15,3.246,2.671,1.232,0.523,0.035,3.63,4.335,1.646,1.063,0.217,0.388,1.107,1.367,1.315,2.043,3.872,0.255,0.358,2.645,4.812,0.01,3.684,9.696,0.195,0.44,2.245,1.706,3.516,0.745,1.539,1.045,5.369,2.842,2.712,3.154,1.671,1.935,0.391,5.6,4.61,0.947,2.658,2.917
"1983-10",2.115,2.794,1.67,2.587,1.565,3.427,3.334,6.07,4.079,6.986,6.08,1.408,5.363,1.871,3.066,2.589,3.573,2.452,0.963,1.274,0.049,2.509,4.372,0.732,1.939,1.126,1.914,1.433,1.233,1.124,0.95,2.519,0.608,0.323,1.32,2.384,0.028,2.252,8.348,0.523,0.636,2.468,1.187,3.062,0.765,1.011,1.201,5.364,2.982,2.607,3.728,2.04,1.868,0.415,8.248,6.254,1.102,2.517,2.857
"1983-11",2.362,2.114,1.624,5.108,2.029,3.877,2.132,5.029,2.264,7.762,9.058,3.926,9.975,1.387,3.084,2.187,2.809,2.21,2.332,1.823,0.1,0.995,4.493,0.964,3.754,2.563,3.603,2.686,0.734,1.924,0.917,2.254,1.497,0.36,0.47,1.765,0.131,0.439,9.622,1.064,0.968,3.588,1.299,2.996,0.569,1.022,0.992,5.081,3.362,2.669,3.352,3.646,1.577,1.122,4.859,7.079,1.095,2.329,2.973
"1983-12",2.298,1.862,1.691,4.439,1.518,3.298,1.615,2.038,1.42,7.487,7.439,5.043,10.139,1.024,3.47,2.126,2.611,2.675,1.132,2.561,0.113,0.181,3.932,0.123,5.369,2.433,4.485,5.077,0.707,0.826,0.436,2.276,1.333,0.322,0.716,2.041,0.097,0.128,7.627,5.877,1.495,3.212,0.966,3.354,0.595,0.977,0.945,4.217,3.897,3.204,3.139,3.848,1.838,0.241,0.407,9.54,1.166,2.293,2.938
"1984-01",2.451,1.997,1.096,2.272,0.972,2.966,1.782,1.209,1.016,5.933,5.538,8.571,13.358,1.676,3.671,2.305,1.952,2.431,0.656,2.612,0.031,0.102,3.229,0.163,4.629,3.931,6.125,8.067,0.591,0.601,0.314,1.645,1.807,0.402,0.841,1.885,0.137,0.354,9.118,8.483,2.902,2.125,1.357,1.831,0.637,1.003,0.685,3.4,3.496,3.404,3.216,3.741,1.808,0.192,2.645,8.584,1.42,2.419,2.94
"1984-02",2.195,1.794,1.055,3.449,1.644,3.322,2.029,0.868,0.883,6.297,4.667,9.828,14.182,1.445,3.433,2.9,1.981,1.477,1.622,1.776,0.049,0.115,2.837,0.141,4.014,3.138,7.059,7.511,0.501,1.058,0.432,1.242,1.325,0.341,1.333,2.115,0.025,0.222,8.782,9.888,2.809,1.827,1.968,2.322,0.761,1.305,0.787,3.172,3.642,3.789,3.278,3.272,2.341,0.084,0.268,8.536,2.1,2.537,3.018
"1984-03",1.847,1.31,1.286,5.006,2.491,2.482,2.384,1.713,0.856,7.321,6.078,9.369,10.111,1.954,2.53,2.532,1.899,2.463,1.594,1.507,0.051,0.816,4.787,1.458,4.663,3.338,5.152,5.588,0.373,1.896,0.903,1.127,1.459,0.607,1.596,2.746,0.319,0.718,6.744,5.251,1.336,1.837,1.262,2.722,1.034,1.632,0.441,2.414,4.095,4.206,2.368,4.646,2.229,0.034,0.111,5.391,2.173,2.797,2.882
"1984-04",1.875,1.736,1.5,3.214,3.715,3.165,1.309,2.032,0.694,9.697,9.413,5.919,5.072,1.912,1.148,3.033,1.967,1.871,1.345,1.62,0.094,1.478,5.117,1.572,3.224,1.492,3.174,2.842,0.523,1.113,0.923,1.336,1.777,1.577,1.591,3.617,0.04,0.232,8.644,2.357,0.527,1.4,1.033,3.787,0.963,1.598,0.606,2.452,4.89,3.65,1.637,8.428,1.609,0.017,1.444,5.519,2.354,3.03,2.909
"1984-05",1.35,1.85,1.723,1.953,3.683,4.267,1.486,4.337,2.577,6.968,8.249,2.883,1.351,4.065,1.431,2.962,1.748,3.162,1.699,0.597,0.063,3.089,4.982,3.271,4.302,0.418,1.005,2.088,1.118,1.143,1.777,1.765,1.477,1.666,2.046,4.632,0.019,0.387,7.625,0.494,0.167,0.619,2.139,2.797,0.875,1.435,0.756,3.119,4.255,3.775,1.359,9.142,2.271,0.1,3.247,6.413,1.935,3.106,2.943
"1984-06",1.47,2.012,2.291,2.107,3,4.003,2.414,8.754,3.318,5.044,7.639,0.83,0.214,4.469,1.785,2.587,2.044,3.123,2.154,0.495,0.341,6.409,3.521,2.855,1.939,0.5,0.595,2.158,1.282,2.077,2.971,2.133,0.72,1.147,3.539,5.504,0.052,1.68,7.832,0.276,0.385,1.182,2.33,3.909,0.806,1.744,0.685,3.946,4.09,3.366,1.551,6.741,1.928,3.051,2.264,6.61,1.769,3.12,3.028
"1984-07",1.888,2.657,2.225,1.878,3.067,4.192,2.137,9.691,3.88,4.654,7.071,0.348,0.235,3.444,0.844,3.12,1.78,2.248,2.409,0.587,0.174,5.537,2.371,2.369,0.787,0.453,0.871,0.925,1.675,1.94,3.092,2.097,0.201,1.035,5.116,6.657,0.007,6.713,7.903,0.197,0.448,0.432,2.522,4.415,0.586,1.534,0.931,4.483,4.495,2.831,2.224,3.152,2.171,3.963,8.018,4.903,1.041,2.988,3.009
"1984-08",2.101,2.939,2.57,1.741,2.054,3.581,3.36,8.729,3.842,4.699,5.779,0.417,0.526,2.544,1.706,1.85,2.452,1.959,2.194,0.335,0.112,6.549,3.171,1.667,0.628,0.486,1.803,1.206,1.679,1.673,2.561,3.919,0.423,0.619,4.458,4.841,0.017,5.952,6.888,0.075,0.171,0.391,3.039,4.18,0.856,1.047,1.165,5.608,3.704,2.697,2.969,2.515,2.048,2.997,8.429,2.843,1.372,2.594,2.95
"1984-09",2.91,2.777,2.76,1.769,1.428,3.809,4.316,10.53,5.039,7.531,5.86,0.946,2.456,3.576,2.968,2.285,2.189,2.042,2.15,1.038,0.106,4.381,4.596,3.041,2.407,0.324,1.18,2.049,1.885,1.111,1.876,1.931,0.27,0.542,2.84,2.466,0.491,3.79,4.591,0.047,0.04,0.267,2.061,3.7,0.675,1.497,0.824,5.681,4.472,2.465,3.28,2.049,1.976,1.013,4.262,3.634,1.17,2.521,2.872
"1984-10",2.169,2.869,1.569,2.212,2.753,3.161,3.155,5.81,4.255,7.954,6.111,1.021,6.463,1.996,3.094,2.393,3.574,1.493,1.223,2.384,0.449,4.293,7.744,7.365,7.883,0.674,1.736,3.407,1.048,1.727,1.297,2.479,1.758,0.841,1.394,1.955,0.573,1.76,4.501,0.231,0.134,0.464,1.488,3.307,0.725,1.066,0.918,4.909,4.363,2.44,3.777,2.103,1.911,4.759,3.318,4.296,1.222,2.481,2.897
"1984-11",2.377,2.413,1.689,3.81,1.79,3.507,2.854,5.013,1.986,8.489,6.435,2.563,10.37,1.33,4.243,2.262,3.74,2.584,1.701,2.173,0.062,0.908,6.014,3.593,8.956,1.925,3.824,4.052,1.154,1.11,1.003,2.107,2.482,0.496,1.723,2.114,0.378,0.86,5.951,0.496,0.202,1.539,1.134,2.536,0.659,1.017,0.697,4.443,5.688,2.376,3.621,3.197,1.85,2.686,4.162,5.409,1.332,2.209,2.941
"1984-12",2.029,2.017,0.876,5.306,2.175,4.59,1.298,1.229,2.098,6.022,5.372,7.274,11.822,1.723,3.795,2.758,2.732,2.814,1.918,2.443,0.021,0.136,4.162,0.814,10.101,3.046,7.001,5.631,0.43,1.403,0.642,1.754,1.731,0.306,0.598,2.115,0.199,0.476,5.553,1.278,0.804,1.5,0.677,2.523,0.528,1.109,0.727,3.622,7.304,2.961,3.537,4.012,1.653,2.304,1.368,8.853,1.161,2.435,3.028
"1985-01",2.555,1.76,1.102,4.203,1.634,3.85,3.441,0.778,1.058,5.129,3.905,8.642,11.981,1.743,3.612,2.371,2.874,1.102,1.607,1.802,0.068,0.003,3.277,0.514,7.582,3.927,7.351,4.906,0.762,0.991,0.439,1.065,1.146,0.148,1.016,2.469,0.577,0.825,5.599,5.306,1.274,1.709,0.938,2.049,0.632,1.379,1.151,2.877,7.75,3.246,2.865,3.206,1.371,0.197,0.439,9.47,1.437,2.46,2.954
"1985-02",2.039,1.763,1.014,6.942,1.647,2.618,1.511,0.925,1.182,6.453,4.549,6.415,11.691,2.795,4.611,3.155,4.34,2.312,1.682,1.074,0.018,0.021,2.825,0.464,4.483,3.854,7.638,8.122,0.734,0.631,0.276,1.21,1.759,0.353,1.085,2.595,0.337,0.834,6.43,6.799,0.544,1.083,0.898,2.687,0.89,1.412,0.833,2.469,6.63,3.638,2.62,3.721,1.698,0.123,0.142,7.455,2.417,2.696,2.98
"1985-03",1.695,1.228,1.256,4.233,2.368,3.153,2.094,0.448,1.171,7.508,5.932,6.705,11.771,2.064,3.725,2.955,2.278,2.049,1.802,1.096,0.053,0.304,3.745,1.804,4.92,1.936,4.121,8.231,0.645,0.945,0.531,1.121,1.771,0.496,1.76,2.886,0.72,1.126,6.031,7.58,2.033,1.46,1.963,2.447,1.242,1.374,0.933,2.277,5.795,3.726,2.548,3.737,1.849,0.032,0.188,5.459,3.339,2.902,2.941
"1985-04",1.238,1.213,0.719,4.348,2.82,3.127,0.784,0.694,1.114,7.934,8.756,5.249,4.668,1.144,2.587,2.133,2.457,2.522,1.948,1.204,0.056,1.714,4.251,2.507,4.562,0.435,1.448,4.914,0.886,1.574,1.253,1.409,2.202,0.79,1.891,2.944,0.382,0.878,7.455,3.938,0.605,2.466,1.718,3.451,1.009,1.546,0.693,2.017,6.858,3.723,2.521,4.861,2.316,0.303,0.263,7.173,2.812,3.037,2.984
"1985-05",1.342,1.525,1.368,3.539,4.104,3.379,1.655,5.785,2.188,7.217,9.951,2.107,1.078,4.935,1.198,3.167,1.78,2.975,2.143,1.071,0.35,3.885,4.317,3.622,4.52,0.292,0.83,1.989,0.909,1.361,2.24,1.572,1.818,0.724,2.53,3.969,0.395,1.01,7.004,0.75,0.205,1.321,2.059,3.52,0.894,1.505,0.458,2.466,5.473,3.553,1.642,5.494,2.341,0.062,1.755,8.084,1.882,2.944,2.904
"1985-06",1.685,1.917,2.253,2.938,3.065,2.814,1.978,8.288,5.42,7.345,7.415,0.612,1.55,5.322,2.99,2.497,1.733,3.799,2.194,0.799,0.307,6.622,3.651,2.434,1.628,0.518,0.836,1.034,1.496,1.265,2.492,1.819,1.003,1.191,3.891,5.299,0.245,1.565,6.359,0.273,0.654,1.154,3.071,3.998,0.999,1.679,0.736,3.667,4.915,3.208,2.243,2.801,3.071,2.265,5.314,10.093,1.319,3.046,3.077
"1985-07",1.669,2.515,2.387,1.981,2.889,3.352,3.311,10.878,5.028,4.012,5.051,0.555,0.469,3.192,1.195,2.416,2.482,3.216,1.749,0.403,0.17,5.788,1.937,2.514,0.523,0.482,0.781,0.925,1.863,1.792,2.814,2.689,0.55,1.029,5.644,6.526,0.015,4.646,8.53,0.155,0.449,2.103,2.544,3.664,0.814,1.527,1.249,4.349,4.294,2.889,2.979,1.802,2.424,1.752,6.185,6.176,0.961,3.019,3.025
"1985-08",2.252,3.045,2.369,1.423,2.037,4.262,2.998,7.185,4.888,5.074,4.21,0.933,1.879,4.108,2.108,2.687,2.189,2.505,1.925,0.214,0.101,5.091,3.113,1.887,0.658,0.433,1.453,0.976,1.551,1.209,2.835,3.282,0.434,1.079,5.229,6.133,0.047,5.731,7.367,0.132,0.151,1.112,2.293,3.603,0.773,1.305,1.232,5.226,4.323,2.867,2.88,1.213,1.987,1.644,7.891,4.966,0.81,2.941,2.998
"1985-09",2.447,2.954,1.863,1.334,1.477,3.921,3.831,9.824,4.964,7.623,4.506,1.136,4.435,2.929,2.935,2.729,2.485,3.057,2.517,0.86,0.057,3.374,4.246,1.962,1.176,0.448,1.379,0.4,1.519,1.173,1.749,3.091,0.407,0.464,2.525,3.367,0.021,2.667,5.6,0.11,0.073,0.508,1.262,2.262,0.626,1.369,1.104,5.454,5.052,2.476,3.729,1.226,2.178,0.396,3.048,6.115,0.832,2.762,2.918
"1985-10",2.359,2.606,1.954,3.81,2.429,4.84,2.865,4.547,3.072,8.065,4.343,0.867,6.34,2.649,3.63,2.34,2.916,3.904,2.272,1.842,0.076,3.136,6.526,6.379,5.688,1.123,1.861,0.962,0.992,1.661,1.341,2.424,1.785,0.421,1.358,1.917,0.666,1.801,4.442,0.232,0.139,0.217,0.821,2.271,0.546,1.599,0.762,5.836,5.154,2.432,4.109,1.759,2.018,1.347,7.384,5.184,0.954,2.59,2.985
"1985-11",1.865,2.559,2.009,2.375,1.748,4.343,1.459,4.909,3.133,10.291,6.615,1.709,9.153,1.64,4.585,2.053,2.843,3.363,2.371,2.411,0.102,1.342,5.608,2.909,7.386,1.402,2.054,1.745,0.924,2.041,1.192,2.603,0.897,0.382,0.752,1.392,0.223,1.261,4.849,0.559,0.549,0.536,1.197,2.427,0.469,1.137,0.557,4.557,6.49,2.223,3.376,3.183,2.155,4.319,4.659,7.033,1.405,2.461,2.955
"1985-12",2.143,1.9,1.59,3.578,2.993,5.365,2.391,1.207,1.565,5.862,5.427,4.575,11.2,1.679,4.365,2.663,2.976,2.877,1.876,3.039,0.074,0.068,3.996,0.893,9.186,2.544,5.333,2.802,1.056,1.349,0.63,1.473,1.5,0.296,1.116,1.76,0.052,0.661,5.909,0.563,0.505,1.38,1.242,2.628,0.516,1.031,0.667,3.325,8.761,2.412,3.065,3.233,2.081,2.123,1.054,11.74,1.035,2.343,3.02
"1986-01",2.243,1.906,0.883,3.734,1.593,4.098,2.354,1.124,1.522,6.636,4.994,6.113,12.25,1.57,4.482,2.889,2.087,1.496,1.423,3.176,0.064,0.06,3.224,0.421,7.216,2.802,6.061,5.968,0.433,1.263,0.633,1.882,2.431,0.37,0.529,1.907,0.107,0.128,5.772,4.396,2.903,1.607,1.054,2.606,0.644,1.116,0.584,2.602,9.129,2.58,3.649,2.237,1.793,0.396,0.254,9.315,2.167,2.454,3.007
"1986-02",2.173,1.416,1.051,5.252,2.117,4.365,2.361,0.417,1.897,7.005,4.866,7.317,11.863,1.537,4.321,2.535,2.104,1.429,1.544,1.752,0.062,0.068,3.38,0.836,5.031,2.613,3.456,6.611,0.443,1.46,0.453,1.151,2.067,0.423,1.178,1.992,0.363,0.336,5.827,7.482,3.147,3.24,1.423,3.046,0.889,1.376,0.499,2.494,8.103,3.387,2.888,2.524,2.228,0.096,0.158,5.912,3.742,2.496,3.02
"1986-03",1.542,1.489,1.016,3.255,2.472,3.795,2.318,0.207,0.739,8.129,6.708,6.706,9.74,1.981,3.21,3.582,3.692,2.236,1.815,1.411,0.161,0.484,4.176,1.483,4.611,2.905,5.527,4.174,0.693,1.845,0.947,1.425,1.926,0.45,2.277,3.11,0.282,1.419,5.016,7.736,1.52,2.385,1.217,2.247,1.189,1.493,0.592,1.872,7.386,3.546,2.989,3.133,2.3,0.081,0.175,5.701,3.324,3.116,3.026
"1986-04",1.9,1.178,1.206,4.554,3.243,3.871,0.82,0.373,1.438,8.082,7.187,7.463,5.775,1.441,2.655,2.515,2.345,2.2,1.757,1.355,0.061,1.276,4.733,2.352,5.776,0.848,2.05,4.141,0.88,1.658,0.976,1.422,2.411,1.202,2.447,3.582,0.244,1.097,6.242,2.2,0.409,2.485,2.207,3.482,1.032,1.425,0.623,1.569,8.343,3.1,1.626,5.512,2.251,0.023,0.118,7.542,2.366,3.12,2.933
"1986-05",1.584,1.522,1.593,2.873,3.167,4.096,0.621,1.47,2.103,7.665,8.273,3.403,0.834,3.507,1.509,3.379,1.072,2.156,2.305,1.735,0.783,6.208,5.29,2.802,2.839,0.481,0.779,1.35,0.709,1.986,1.611,2.161,1.748,0.949,2.604,3.788,0.345,0.93,8.008,1.672,0.389,0.984,2.125,3.828,0.961,1.57,0.51,1.816,7.493,3.098,1.797,8.916,1.945,0.082,0.913,7.949,1.981,3.233,3.012
"1986-06",1.51,2.142,2.368,2.296,3.749,3.75,1.884,7.923,4.502,4.774,7.736,1.029,0.304,2.267,1.043,3.231,1.682,3.065,2.508,0.855,0.482,5.851,3.989,3.841,1.648,0.438,1.082,1.918,1.252,1.732,2.188,2.368,1.024,1.356,3.597,4.692,0.233,2.446,8.364,0.449,0.3,0.892,2.283,3.628,0.964,0.938,0.739,3.29,5.059,3.221,1.824,6.343,2.293,3.356,3.941,7.723,1.338,3.238,3.051
"1986-07",2.156,1.921,2.071,1.89,2.641,4.461,1.824,10.048,4.603,6.025,7.571,0.558,0.276,5.217,1.371,3.051,1.977,2.698,2.491,0.69,0.166,5.287,1.626,1.872,1.429,0.357,0.572,0.979,1.862,2.055,3.453,2.186,0.32,1.5,6.841,6.685,0.037,7.01,7.24,0.218,0.724,2.256,2.77,3.508,0.701,1.165,1.407,4.462,3.852,2.852,2.165,2.867,2.24,4.008,8.476,7.855,1.228,2.853,3.049
"1986-08",2.742,3.227,2.582,1.462,2.141,3.712,3.609,9.98,4.64,5.403,6.442,0.599,0.256,3.518,1.257,2.848,2.069,2.7,1.534,0.475,0.27,6.111,3.409,2.61,1.127,0.537,0.563,1.198,1.678,1.973,3.425,2.666,0.269,0.806,4.233,5.854,0.155,7.569,7.836,0.15,0.773,2.78,2.596,4.318,0.963,1.129,1.043,4.931,2.903,2.683,2.857,1.88,1.839,2.968,10.838,6.882,0.832,2.757,3.014
"1986-09",2.567,2.601,2.679,1.321,3.229,3.832,3.528,11.958,3.742,6.696,5.533,0.304,0.716,1.941,1.647,2.386,2.298,2.493,0.995,1.158,0.232,4.477,4.264,2.559,1.149,0.241,0.913,0.474,1.246,1.45,2.106,3.384,0.558,0.245,3.812,4.678,0.422,5.194,8.349,0.273,0.471,1.561,1.343,3.116,0.577,1.174,0.89,5.305,2.314,2.563,3.757,1.57,1.933,3.689,14.586,4.961,0.788,2.75,2.931
"1986-10",2.596,2.657,1.92,1.494,1.958,3.416,3.502,6.743,5.128,8.286,5.551,0.872,4.84,1.888,2.89,2.798,2.211,2.886,2.095,1.835,0.083,2.532,4.88,3.544,3.331,0.508,0.848,0.81,1.099,2.077,1.215,2.413,0.904,0.517,0.761,1.673,0.057,1.897,7.227,0.33,0.444,1.401,1.04,3.032,0.714,1.283,1.11,5.929,2.202,2.607,4.13,2.291,2.15,2.201,8.614,6.673,0.885,2.609,2.903
"1986-11",2.625,2.783,1.587,2.91,1.777,3.562,2.388,4.015,2.115,8.269,7.502,2.745,9.441,1.11,3.152,2.219,2.815,2.654,1.595,2.296,0.054,0.963,5.359,1.668,7.222,2.327,2.997,2.606,0.804,1.504,0.868,2.742,1.391,0.679,0.924,2.671,0.096,0.634,8.082,1.429,0.321,0.512,1.225,2.787,0.607,1.178,0.775,4.902,3.4,2.844,3.172,3.567,1.676,3.657,2.926,8.336,1.195,2.301,2.955
"1986-12",2.268,2.227,1.425,4.137,1.859,4.009,1.967,1.826,1.109,5.794,8.022,6.646,12.66,1.664,2.879,2.623,2.952,2.679,1.478,2.169,0.018,0.112,4.057,0.392,8.017,2.6,5.061,4.469,0.592,1.241,0.472,1.942,1.763,0.483,0.513,2.558,0.056,0.083,8.535,2.156,0.703,0.754,1.122,2.428,0.527,0.762,0.627,4.084,3.87,3.201,3.155,3.665,1.536,0.973,2.274,9.852,1.168,2.228,2.94
"1987-01",2.132,1.697,1.151,3.773,0.692,3.459,0.486,1.183,1.531,7.275,5.457,6.098,11.937,2.092,3.541,3.125,3.229,2.796,1.662,1.463,0.094,0.042,2.941,0.109,4.841,3.214,6.402,5.823,0.68,1.32,0.669,1.966,0.781,0.288,0.903,1.624,0.055,0.272,9.637,7.563,1.999,1.099,1.596,3.374,0.597,0.986,0.692,3.666,4.063,3.361,2.863,3.395,1.938,0.97,0.378,12.129,1.294,2.401,3.017
"1987-02",2.313,1.712,1.173,5.339,1.415,2.927,1.256,0.808,1.071,6.065,4.916,12.441,11.647,2.169,3.432,2.426,1.872,2.073,0.898,2.543,0.087,0.216,2.998,0.618,5.219,3.356,6.149,12.578,0.705,0.827,0.425,1.151,1.529,0.289,1.046,1.916,0.136,0.566,7.393,7.447,1.685,5.751,1.777,2.779,0.832,0.869,0.605,3.006,3.283,3.868,2.911,3.234,1.426,0.226,0.412,7.827,2.125,2.599,2.916
"1987-03",2.102,1.734,1.133,3.869,2.244,3.443,0.647,0.551,0.708,7.61,7.246,10.128,8.34,1.639,2.533,2.693,2.554,1.709,2.025,0.834,0.027,0.488,4.792,0.435,3.686,2.423,3.98,6.302,0.878,1.205,0.754,1.157,1.679,0.678,1.1,2.531,0.078,0.167,7.194,9.525,3.042,4.678,1.901,2.541,0.738,1.853,0.713,2.481,4.698,3.84,2.262,5.031,2.344,0.029,0.197,7.015,1.828,2.827,2.943
"1987-04",1.587,1.515,1.042,2.799,2.655,3.638,0.755,0.546,0.501,7.415,7.295,6.149,7.068,2.744,1.687,3.608,1.89,1.811,1.823,1.848,0.13,1.877,5.468,1.87,2.981,1.669,2.336,2.299,0.679,1.58,1.269,1.099,1.672,0.616,1.885,2.692,0.142,1.187,7.17,4.706,0.355,2.79,2.146,2.838,0.987,1.436,0.555,2.134,5.018,3.797,2.315,7.198,2.043,0.06,3.098,6.184,2.509,2.937,2.882
"1987-05",1.276,1.355,1.674,2.781,3.378,2.919,1.974,2.832,1.501,6.566,8.051,2.864,1.776,3.22,1.007,3.336,1.806,2.482,1.833,1.35,0.118,4.073,5.007,3.595,6.018,0.604,1.047,1.041,0.86,2.028,1.415,1.582,1.804,1.444,2.919,3.719,0.161,0.519,7.438,1.501,0.074,1.388,1.615,3.106,0.94,1.878,0.694,2.59,5.832,3.6,1.496,7.336,2.292,0.02,3.361,7.746,1.762,3.123,2.94
"1987-06",1.629,2.026,1.566,1.854,4.421,4.936,2.034,8.955,2.353,6.752,8.779,1.277,0.438,4.548,1.487,2.868,1.5,3.353,1.941,0.897,0.374,7.131,3.782,1.977,2.092,0.462,1.286,1.685,1.268,1.957,2.506,1.961,1.286,1.209,3.343,5.227,0.025,0.725,8.051,0.463,0.411,1.699,2.115,3.721,0.854,1.567,0.909,3.593,4.382,3.062,1.778,6.379,2.225,3.352,3.209,5.387,1.478,2.995,2.977
"1987-07",1.6,2.866,2.302,1.669,2.991,3.137,3.106,9.968,3.911,5.614,6.513,0.704,0.302,3.099,0.948,2.345,1.899,3.102,2.054,0.814,0.324,6.76,2.411,2.349,0.716,0.461,0.672,0.995,1.741,2.128,3.264,2.213,0.651,1.047,5.489,6.331,0.013,5.201,8.694,0.321,0.232,1.052,3.038,3.75,0.901,1.683,0.814,4.536,4.621,3.007,2.684,2.096,2.308,3.736,6.87,3.886,1.146,2.829,3.055
"1987-08",1.95,2.784,2.293,1.278,1.891,3.346,3.32,7.598,3.819,4.757,4.463,0.487,1.068,2.757,2.093,2.011,2.376,2.786,1.645,0.617,0.175,5.828,3.128,2.085,0.871,0.327,0.368,0.465,2.114,1.773,2.534,2.895,0.395,1.008,5.12,5.207,0.019,5.467,7.547,0.3,0.258,2.123,2.418,3.213,0.779,1.218,1.4,5.559,4.347,2.721,3.097,1.661,2.338,2.12,7.018,4.652,0.826,2.833,2.997
"1987-09",2.163,2.472,2.418,1.23,2.505,4.136,3.894,9.452,4.831,5.989,5.597,0.773,2.047,2.082,2.184,2.444,3.583,3.255,1.481,0.512,0.076,4.568,4.694,2.144,1.963,0.722,1.071,0.528,1.88,0.961,1.678,2.731,0.347,0.585,2.391,3.769,0.077,2.287,5.278,0.159,0.032,0.375,1.437,3.006,0.54,1.319,1.164,6.548,4.007,2.609,3.455,1.732,1.839,1.082,3.483,4.244,0.746,2.637,2.91
"1987-10",2.61,2.466,1.776,1.661,2.28,3.859,2.172,9.014,4.651,8.334,6.163,1.311,5.522,2.31,3.082,2.594,2.124,2.543,2.277,1.393,0.153,3.483,5.885,4.784,5.623,1.174,1.571,1.539,1.248,2.116,1.613,2.51,1.349,0.545,1.059,1.573,0.574,1.33,4.037,0.064,0.049,0.122,1.16,2.724,0.643,1.095,0.88,4.873,5.581,2.185,3.915,2.376,1.933,3.866,8.765,4.485,1.288,2.641,2.885
"1987-11",2.173,2.23,1.423,2.333,1.966,4.986,1.496,4.604,3.564,8.406,7.333,3.657,8.289,1.381,2.868,2.456,3.467,2.505,1.895,1.828,0.15,0.68,6.098,4.573,7.578,1.503,3.909,3.088,0.653,1.434,0.717,2.111,2.432,0.622,1.098,1.941,1.148,0.984,4.22,0.143,0.159,0.307,1.004,2.214,0.774,0.949,0.848,5.08,6.158,2.501,3.644,3.513,1.759,3.084,5.089,4.501,1.536,2.386,2.968
"1987-12",2.094,2.024,1.212,3.187,2.068,3.19,1.999,1.263,1.903,7.03,6.559,4.579,10.126,1.39,4.36,2.732,3.104,1.965,1.063,2.621,0.093,0.522,4.974,2.297,10.233,2.199,5.875,6.916,0.722,0.855,0.455,2.084,2.166,0.364,2.517,1.994,0.715,1.055,5.142,1.516,0.906,1.177,0.923,2.074,0.545,0.839,0.751,3.654,7.457,2.645,3.51,5.531,1.679,1.201,0.939,5.571,1.429,2.337,2.953
"1988-01",2.785,1.899,1.21,4.483,2.215,2.84,3.16,0.99,1.696,3.697,3.497,10.965,13.226,1.806,4.389,2.86,1.884,1.853,1.265,2.453,0.196,0.251,3.277,1.041,7.578,2.59,6.926,7.095,0.427,0.484,0.249,1.388,2.02,0.384,2.365,2.158,0.342,1.416,6.711,4.275,1.828,1.21,1.36,2.318,0.599,0.883,0.755,2.746,8.202,2.561,3.545,3.579,1.806,1.373,0.507,7.033,2.116,2.431,2.998
"1988-02",2.312,1.633,1.14,5.673,2.142,3.771,2.067,1.234,1.411,6.794,6.892,4.975,12.709,1.364,4.179,2.645,2.309,1.593,1.421,1.733,0.059,0.365,2.907,0.553,3.599,2.349,5.671,9.869,0.518,0.689,0.279,1.116,2.207,0.464,1.811,2.631,0.261,1.084,5.69,5.974,1.955,2.865,1.198,3.003,0.867,1.167,0.87,2.496,7.982,3.058,2.872,3.473,1.856,0.161,0.123,5.475,3.255,2.869,3.006
"1988-03",1.557,1.365,1.078,4.576,2.827,3.931,1.571,0.681,0.955,6.859,9.01,6.754,12.117,1.998,2.918,2.477,2.056,1.927,1.421,2.323,0.265,0.685,3.959,1.503,3.86,2.306,4.265,5.869,1.003,1.341,0.558,0.89,2.878,0.495,1.421,2.555,1.448,0.863,5.982,8.015,2.096,1.297,1.429,2.504,0.922,1.726,0.771,2.047,6.978,3.653,2.693,3.096,1.84,0.048,0.087,4.901,2.948,2.853,2.983
"1988-04",1.648,1.089,1.24,3.179,2.567,3.667,1.394,3.38,0.922,9.173,10.532,3.267,4.428,2.79,2.571,3.199,2.112,2.23,1.941,1.754,0.06,2.321,5.474,2.574,4.224,0.653,1.757,5.256,1.195,1.551,1.263,2.217,2.749,0.829,2.493,3.001,0.712,1.541,6.783,3.085,0.629,0.433,1.823,2.289,0.898,1.281,0.555,1.834,6.563,3.736,2.22,5.673,2.034,0.036,0.355,5.962,3.495,3.194,3.012
"1988-05",1.059,1.615,1.315,3.321,5.126,3.499,0.961,5.256,0.875,7.808,10.072,1.551,1.37,3.869,1.855,2.815,1.774,3.03,2.138,1.065,0.568,5.538,5.012,3.071,4.637,0.32,1.076,4.185,1.109,2.222,1.755,2.087,2.132,1.401,2.727,4.143,0.129,1.28,8.279,0.817,0.283,0.907,1.251,3.147,0.991,1.683,0.598,2.345,5.729,3.123,1.543,6.532,2.125,0.086,2.621,7.368,2.676,3.169,2.989
"1988-06",1.113,1.93,2.077,2.764,3.898,3.459,2.1,10.522,3.535,4.562,7.436,0.301,0.303,2.924,1.699,3.061,1.822,3.125,1.696,1.338,0.475,7.984,3.079,2.531,0.81,0.632,0.78,2.983,1.134,1.897,2.446,2.4,1.5,1.338,2.823,5.391,0.037,2.015,8.013,0.295,0.995,1.25,2.857,4.238,0.802,1.643,0.704,3.707,4.749,2.912,2.172,4.044,2.625,2.666,6.693,7.236,1.812,3.074,3.053
"1988-07",1.604,2.694,2.284,1.215,2.824,3.975,2.917,10.739,5.053,4.477,6.35,0.462,0.288,3.268,1.26,2.317,2.166,3.146,2.214,0.492,0.16,6.074,1.895,2.35,0.602,0.454,0.81,1.044,2.039,1.467,2.999,2.693,0.693,0.861,5.258,6.43,0.052,5.01,8.015,0.182,0.76,1.431,2.349,3.17,0.826,0.996,1.055,4.498,3.957,2.944,2.5,2.42,2.387,1.234,4.843,6.236,1.307,2.933,2.999
"1988-08",1.362,2.533,2.318,1.555,3.939,3.64,3.153,10.162,3.125,5.175,5.147,0.565,0.351,2.412,1.444,2.539,2.928,2.699,1.883,0.304,0.092,5.797,3.138,2.378,0.715,0.278,0.525,1.61,1.903,1.435,2.752,2.948,0.287,0.596,5.298,4.682,0.07,6.334,8.681,0.144,0.596,2.005,2.151,3.286,0.845,1.251,1.245,5.536,2.687,2.735,2.975,1.896,2.04,1.328,7.351,6.305,0.999,2.924,2.991
"1988-09",1.882,2.722,2.303,1.535,3.028,3.754,3.895,8.316,4.544,5.788,5.947,1.574,2.226,2.384,1.625,2.627,2.99,3.124,1.716,0.65,0.082,4.406,4.972,2.236,1.921,0.506,0.592,0.649,1.702,1.381,1.963,3.624,0.383,0.516,2.441,2.991,0.067,3.463,6.522,0.077,0.278,0.823,1.791,2.795,0.582,1.155,1.246,5.591,3.615,2.832,3.738,1.599,1.836,0.596,4.143,5.454,0.884,2.844,2.924
"1988-10",2.22,2.459,1.995,3.125,4.114,4.361,2.488,9.082,4.081,8.894,5.28,1.618,8.081,1.485,2.541,2.215,2.781,2.419,1.761,1.629,0.101,3.283,5.149,3.747,4.316,0.936,1.919,1.986,1.15,1.258,1.468,2.729,1.816,0.602,1.212,1.683,0.169,2.06,6.568,0.224,0.626,2.356,1.006,2.83,0.579,1.532,1.207,5.126,3.238,2.485,4.13,1.895,1.847,2.989,3.759,7.948,1.241,2.446,2.94
"1988-11",2.311,3.052,1.712,2.985,1.379,4.51,2.028,3.21,2.584,8.367,6.964,1.316,8.913,1.317,3.811,2.055,3.344,2.428,1.407,2.23,0.028,0.733,5.133,0.808,5.857,1.403,2.662,0.875,0.998,1.396,0.883,2.853,1.25,0.516,0.852,3.035,0.038,0.724,7.664,0.436,1.188,2.112,1.186,2.464,0.554,1.129,0.846,5.044,4.105,2.492,3.84,3.538,1.76,2.346,7.145,11.713,0.754,2.446,3.025
"1988-12",1.908,2.403,1.585,3.283,1.927,2.699,1.873,2.162,1.522,7.17,6.944,5.037,9.68,1.808,4.271,2.507,2.703,2.731,1.761,2.423,0.079,0.099,3.622,0.515,6.972,3.571,5.228,4.565,0.911,1.51,0.71,1.61,0.964,0.414,0.348,2.214,0.032,0.191,7.341,1.573,0.737,1.12,1.088,2.474,0.68,0.941,0.523,4.057,4.94,2.803,3.138,4.915,1.874,1.232,0.352,11.699,1.381,2.183,2.953
"1989-01",2.577,1.974,1.238,2.938,0.944,2.751,3.252,0.952,0.748,5.338,4.765,11.842,13.309,1.716,2.178,1.865,2.335,2.11,1.244,2.287,0.064,0.031,1.863,0.093,4.27,3.167,7.794,9.032,0.71,0.62,0.353,1.267,1.106,0.247,1.206,1.807,0.054,0.404,9.125,5.07,1.522,1.954,1.1,2.091,0.563,1.028,0.692,3.375,4.471,3.337,3.365,3.754,1.669,0.41,0.282,9.457,2.52,2.413,2.98
"1989-02",2.356,1.872,0.843,3.824,1.629,2.936,2.877,1.279,0.812,2.946,4.846,11.95,12.505,1.885,3.459,2.928,2.912,0.928,0.823,1.361,0.039,0.283,3.087,0.673,4.185,3.257,5.328,5.594,0.979,1.339,0.743,0.811,1.095,0.271,1.207,1.689,0.361,0.504,7.346,5.759,3.55,1.116,1.795,2.012,0.909,1.401,0.73,2.821,3.858,3.951,2.966,4.267,2.494,0.158,0.22,6.991,3.416,2.548,2.937
"1989-03",2.085,2.105,1.037,2.091,1.528,2.277,2.148,0.986,0.874,5.953,5.083,8.919,11.541,1.885,4.001,3.141,2.253,2.453,1.393,1.421,0.047,0.49,4.24,0.58,3.206,1.648,3.909,8.691,0.4,1.094,0.62,1.431,1.659,0.772,1.914,2.782,0.281,0.355,7.174,3.758,1.396,2.29,1.796,2.256,0.99,1.168,0.69,2.477,4.754,3.951,2.209,5.79,2.01,0.011,0.24,5.362,4.335,2.817,2.924
"1989-04",1.875,1.702,1.094,3.948,2.847,2.916,0.937,0.982,0.567,7.629,7.085,7.418,5.926,1.964,1.978,2.347,2.3,1.652,2.39,1.013,0.147,1.99,4.644,2.816,4.433,0.354,1.053,1.694,1.001,1.323,0.783,0.875,1.475,1.408,2.193,3.26,0.478,0.544,7.47,2.909,0.667,3.462,1.996,3.313,1.091,1.425,0.852,2.432,3.966,4.069,2.093,8.205,2.331,0.173,1.121,6.787,3.021,3.038,2.923
"1989-05",1.466,1.543,1.448,2.515,3.25,4.241,0.813,3.338,1.135,7.109,8.011,2.558,2.052,2.783,1.509,2.876,1.726,3.195,2.527,1.134,0.207,3.868,4.715,3.441,3.296,0.655,0.881,1.075,1.339,0.954,1.982,1.705,1.417,1.282,2.315,4.378,0.112,0.965,8.15,1.838,0.217,1.134,2.155,3.201,0.747,1.337,0.728,2.918,4.015,4.087,1.56,7.565,2.265,0.475,3.293,8.876,1.444,3.332,2.99
"1989-06",1.44,2.044,1.956,2.333,5.551,4.342,3.208,8.395,3.798,3.398,7.962,1.072,0.212,2.533,0.595,2.477,1.821,3.717,2.408,0.99,0.321,6.917,2.948,2.098,0.961,0.338,0.788,1.206,1.32,1.2,3.067,2.08,1.052,1.093,3.545,5.397,0.061,2.095,8.19,0.919,0.409,4.07,2.211,3.041,0.72,2,1.101,3.773,3.719,3.295,1.775,7.209,2.065,3.562,6.13,7.204,1.362,3.026,3.021
"1989-07",1.662,2.254,2.521,1.911,2.825,3.202,4.123,11.262,3.768,7.242,6.836,0.744,0.484,4.826,2.997,2.452,1.556,3.348,1.996,0.497,0.147,5.616,2.338,1.93,0.812,0.474,0.763,0.861,1.725,1.283,3.457,2.163,0.279,0.902,6.619,5.949,0.013,4.97,7.352,0.41,0.849,1.998,2.755,3.747,0.702,1.618,0.931,4.781,3.648,3.063,1.984,2.823,2.074,1.582,4.017,4.842,1.612,2.931,2.995
"1989-08",2.284,2.704,2.375,1.118,2.782,4.33,3.695,7.214,4.25,5.331,6.02,0.537,0.308,1.951,1.405,1.847,2.023,3.483,1.688,0.354,0.143,5.647,3.295,2.309,0.745,0.25,0.411,0.486,1.585,1.283,3.201,2.725,0.243,0.617,4.848,5.583,0.195,6.396,8.473,0.148,1.017,1.219,2.114,4.573,0.681,1.817,1.243,4.97,3.429,2.625,2.734,1.566,2.21,1.73,8.313,7.936,1.027,2.783,2.99
"1989-09",2.154,2.768,2.255,2.365,3.314,2.923,5.647,8.029,4.069,7.646,5.418,0.752,2.748,2.602,2.9,2.137,2.642,2.82,2.051,0.747,0.109,4.461,4.464,1.697,1.053,0.289,0.482,0.329,1.005,1.963,1.968,3.261,0.174,0.195,3.395,3.512,0.058,4.208,8.222,0.169,0.152,0.937,1.843,3.161,0.63,1.392,1.049,5.219,3.141,2.501,3.275,1.692,2.132,0.977,7.761,6.065,0.762,2.762,2.896
"1989-10",1.641,2.991,1.986,2.6,2.359,2.891,2.384,7.541,4.937,7.609,5.735,1.44,6.515,1.973,3.603,2.476,3.793,3.038,2.453,0.963,0.076,2.259,4.664,2.213,4.35,0.617,1.37,0.543,1.276,1.504,1.347,2.073,1.036,0.354,1.345,2.234,0.162,2.165,6.19,0.116,0.171,1.221,0.943,3.138,0.688,1.059,1.327,5.59,3.237,2.665,3.68,2.412,1.985,0.813,6.813,8.532,0.792,2.561,2.915
"1989-11",1.327,2.33,1.508,3.968,2.328,4.004,2.083,4.183,1.336,8.057,9.708,3.014,8.433,1.201,3.913,2.162,4.374,2.701,2.288,1.085,0.032,0.59,4.274,2.773,7.9,1.719,1.98,1.483,1.148,1.868,0.997,2.133,2.145,0.328,0.506,1,0.743,0.452,6.874,0.901,1.073,3.379,1.062,2.125,0.692,1.217,0.701,4.696,3.467,2.564,3.461,3.75,1.887,3.768,2.402,11.09,0.932,2.382,2.924
"1989-12",2.373,2.568,1.46,2.683,1.105,2.602,1.683,1.513,1.166,6.494,6.903,6.982,13.695,1.761,3.217,2.591,3.666,2.627,1.728,2.082,0.039,0.029,3.44,0.665,8.594,2.744,7.237,5.312,0.856,1.233,0.543,1.351,1.917,0.229,1.48,2.154,0.149,0.741,6.654,1.908,0.752,2.766,0.896,2.872,0.558,1.148,1.062,4.103,4.574,3.197,3.261,3.922,1.57,0.207,0.609,9.308,1.618,2.202,2.952
"1990-01",1.708,1.992,1.278,4.929,1.463,3.765,2.014,0.941,1.123,5.905,6.173,6.191,11.162,2.209,5.199,2.877,3.558,2.019,1.67,1.403,0.054,0.007,1.823,0.112,3.58,3.072,8.124,11.193,0.786,1.036,0.529,1.495,1.084,0.243,0.588,1.81,0.092,0.431,7.474,7.688,2.006,2.625,0.897,3.246,0.724,0.98,0.66,3.318,4.736,3.375,3.022,3.541,1.714,0.229,0.206,7.809,3.275,2.435,2.993
"1990-02",1.625,1.819,0.865,4.489,0.943,2.339,1.259,0.776,1.293,6.703,3.789,7.123,11.496,1.335,4.346,2.57,3.026,3.344,2.405,1.406,0.015,0.014,2.666,0.141,3.478,3.369,5.663,7.596,0.595,1.875,0.774,1.303,0.399,0.35,1.085,1.242,0.067,0.454,7.278,10.224,2.895,2.915,1.569,2.927,0.792,1.162,0.522,3.313,4.172,3.889,2.837,2.731,2.27,0.221,0.125,7.424,3.471,2.521,2.965
"1990-03",1.664,1.548,1.041,3.402,2.206,3.578,1.61,1.044,0.729,7.5,7.021,7.987,9.878,1.219,2.946,2.903,2.615,2.609,2.063,1.304,0.078,0.856,4.807,1.204,4.205,3.356,5.015,3.39,0.449,2.086,1.147,1.707,1.405,0.436,1.551,1.856,0.135,0.824,5.245,5.831,2.078,8.534,1.323,2.781,1.022,2.117,0.471,2.652,4.153,4.251,2.616,5.012,2.158,0.124,0.03,5.605,3.022,2.712,2.922
"1990-04",1.461,1.447,1.097,3.394,2.492,3.409,0.732,1.78,1.102,8.273,7.294,5.351,4.641,1.485,2.412,2.74,2.132,2.028,1.835,1.412,0.043,1.505,5.113,2.191,3.914,1.952,2.307,3.491,0.796,1.623,1.217,2.028,1.41,0.941,2.085,2.636,0.085,0.585,7.322,5.338,0.21,2.29,1.146,2.593,0.867,1.416,0.605,2.488,4.996,3.932,2.042,6.928,2.113,0.032,0.396,5.78,2.477,3.154,2.914
"1990-05",1.312,1.681,1.605,2.867,2.957,2.501,1.726,3.171,1.501,6.798,8.478,2.194,0.788,3.266,1.095,3.032,1.92,2.83,1.461,1.038,0.199,4.654,4.726,3.492,3.869,0.316,1.118,2.35,1.223,1.881,1.727,1.364,1.233,1.004,2.342,4.192,0.266,0.54,8.136,1.276,0.178,2.672,1.526,3.322,0.786,1.57,0.655,3.356,4.29,3.654,1.743,7.604,2.249,0.007,1.637,7.82,1.782,3.052,2.944
"1990-06",1.441,2.072,1.83,2.802,2.63,2.824,2.495,7.213,2.561,4.414,7.175,0.513,0.296,2.902,1.131,2.775,1.891,2.405,2.544,1.37,0.656,7.422,3.607,2.202,2.328,0.369,0.919,1.151,1.561,2.21,2.573,1.592,0.658,1.17,3.923,4.331,0.033,1.165,7.674,0.377,0.123,1.054,2.116,3.758,0.722,1.126,1.053,4.969,4.423,3.272,1.764,5.602,2.264,1.976,1.223,4.897,1.231,3.047,2.985
"1990-07",2.105,2.5,2,2.109,3.578,3.798,4.09,8.977,4.265,4.281,6.355,0.434,0.296,2.945,1.217,2.974,2.243,2.172,1.8,0.734,0.234,6.653,2.548,2.492,0.664,0.653,0.846,1.131,1.979,1.84,2.782,2.271,0.567,1.026,5.876,4.937,0.018,6.8,6.247,0.33,0.212,0.389,2.721,3.876,0.802,1.034,1.242,4.889,4.177,3.12,2.497,2.986,2.326,4.224,8.012,3.304,1.467,3.042,3.017
"1990-08",2.242,3.088,1.995,1.832,2.876,3.279,3.71,8.157,3.641,5.098,4.324,0.351,1.198,2.596,2.164,2.436,2.122,2.078,2.157,0.36,0.147,5.978,3.583,2.087,0.9,0.573,1.124,0.765,2.148,1.267,3.247,2.278,0.223,1.361,5.826,6.175,0.019,5.025,5.852,0.136,0.06,0.257,2.371,3.823,0.708,0.875,1.367,6.1,4.4,2.805,3,1.482,2.241,2.67,9.785,2.032,0.927,2.821,2.994
"1990-09",2.715,3.123,2.408,2.144,3.785,2.941,5.076,7.631,4.907,6.956,3.645,0.182,1.846,3.26,1.349,2.43,3.162,2.437,2.485,0.417,0.101,4.454,4.439,1.227,1.287,0.553,0.779,0.929,1.462,1.73,2.09,3.175,0.248,0.229,3.313,3.935,0.038,4.991,6.124,0.166,0.232,0.374,1.315,3.181,0.707,1.637,1.152,5.908,5.533,2.401,4.002,1.842,2.026,4.011,9.89,2.924,0.779,2.669,3.012
"1990-10",1.731,2.288,1.995,2.332,2.524,4.158,2.799,8.52,3.837,8.947,5.265,0.748,7.075,2.393,3.285,2.775,3.442,2.342,1.5,1.028,0.085,3.108,6.276,4.724,4.968,1.151,1.553,1.337,1.675,1.461,1.184,2.193,1.415,0.674,1.102,1.945,0.61,1.706,3.57,0.064,0.072,0.155,1.243,2.684,0.651,1.297,1.264,5.627,4.76,2.303,3.771,2.232,1.674,3.038,4.769,4.712,1.217,2.576,2.875
"1990-11",1.996,2.19,1.369,4.024,1.473,4.474,2.185,4.199,2.949,8.044,8.409,2.232,9.778,1.719,3.885,2.772,2.523,3.068,1.62,3.123,0.066,1.626,6.522,3.785,8.233,1.499,4.239,3.164,1.073,1.363,0.875,2.437,2.727,0.586,0.589,1.449,0.26,1.142,4.772,0.396,0.975,1.247,0.704,1.864,0.709,0.944,0.905,4.472,6.349,2.364,3.673,3.996,1.66,3.034,4.902,4.759,1.785,2.264,2.972
"1990-12",1.905,2.097,1.072,4.132,1.761,3.831,2.902,1.753,2.444,7.161,5.509,4.219,11.266,1.74,4.509,2.703,3.095,2.513,1.498,2.321,0.119,0.507,5.08,2.053,8.248,2.365,4.665,6.34,0.809,1.519,0.853,1.859,2.269,0.401,1.39,1.803,0.408,1.25,5.843,1.166,0.458,1.92,0.892,2.866,0.672,1.357,0.73,3.103,8.655,2.331,3.511,4.57,1.723,3.937,2.145,5.532,1.749,2.282,2.979
"1991-01",2.303,1.366,1.004,4.569,2.291,3.467,4.031,0.625,1.485,7.88,4.532,5.995,11.971,2.132,4.272,2.992,2.831,1.499,1.816,2.032,0.12,0.058,2.898,1.036,9.582,2.853,5.976,7.861,0.695,1.593,0.688,1.184,2.279,0.347,2.088,2.195,0.468,0.551,5.279,4.946,1.651,1.242,0.999,2.129,0.539,0.926,0.679,2.601,8.529,2.869,3.492,3.124,1.641,0.314,0.286,7.809,2.255,2.318,2.973
"1991-02",1.647,1.442,1.039,5.221,2.304,3.804,2.624,0.645,1.449,5.134,2.991,8.354,12.423,2.056,4.741,2.586,3.28,1.933,1.571,1.314,0.04,0.002,2.953,0.758,5.192,3.112,5.044,7.529,0.695,1.206,0.522,1.479,1.711,0.446,1.081,2.206,0.5,0.383,5.606,7.212,3.441,2.535,2.081,2.184,0.799,1.693,0.742,2.216,8.731,3.277,3.116,3.283,2.127,0.096,0.15,6.944,3.04,2.616,3.048
"1991-03",2.048,1.324,0.836,4.061,1.952,3.07,1.887,1.244,1.673,8.578,4.987,6.146,8.683,1.662,3.116,3.217,1.771,2.773,2.259,2.399,0.179,0.367,3.37,1.634,5.287,3.415,5.112,3.893,0.726,2.059,0.982,1.749,2.038,0.328,1.166,1.677,0.252,1.366,4.567,8.091,0.875,1.321,1.189,2.936,1.041,1.671,0.461,2.003,8.15,3.123,3.213,3.623,2.156,0.525,0.057,4.505,3.711,2.947,2.96
"1991-04",1.054,1.341,1.19,4.251,2.62,3.352,0.997,1.547,1.2,9.166,9.079,3.763,3.22,2.537,2.92,2.801,1.794,2.466,2.634,1.689,0.078,1.317,4.389,3.305,6.286,0.607,2.25,4.736,1.04,1.582,1.092,1.36,2.176,0.898,2.201,2.642,0.32,1.769,6.025,3.208,0.675,0.858,1.681,3.752,1.035,1.57,0.547,1.611,9.563,2.904,2.551,3.942,2.314,0.1,0.055,6.089,2.952,3.06,2.979
"1991-05",1.176,1.485,1.8,3.108,3.278,3.257,0.644,2.352,2.988,7.719,8.702,1.661,1.432,3.208,2.092,3.27,1.697,3.008,2.052,1.492,0.274,4.611,4.545,3.632,4.691,0.495,0.457,0.735,1.124,1.865,1.867,2.024,2.289,1.319,3.534,3.468,0.417,1.75,6.295,0.664,0.825,1.568,1.303,2.342,0.964,1.233,0.661,1.833,8.692,3.113,1.831,5.628,2.369,0.071,0.788,8.08,2.436,3.246,2.99
"1991-06",1.667,1.607,1.673,3.266,3.227,3.597,2.333,7.603,5.416,4.842,7.061,0.672,0.256,4.811,1.353,2.95,1.814,2.298,2.635,1.414,0.569,7.951,3.507,2.163,1.904,0.571,1.21,1.012,1.28,2.204,2.585,2.027,1.244,1.634,3.725,5.612,0.046,2.414,7.295,0.374,0.721,1.696,2.283,3.048,0.995,1.236,0.993,3.391,5.396,2.85,2.429,4.776,2.334,2.35,3.65,8.271,1.981,3.097,3.057
"1991-07",1.852,1.855,2.294,1.662,3.045,5.314,1.271,10.391,6.14,5.128,5.33,0.469,0.294,5.821,1.458,2.739,1.735,2.76,3.091,0.93,0.461,6.752,2.512,3.042,1.4,0.415,0.387,0.784,1.798,2.03,3.021,2.372,0.532,1.229,5.091,4.952,0.092,5.344,7.256,0.443,0.51,2.158,2.406,3.33,0.822,1.48,1.21,4.001,4.23,2.72,2.746,2.165,2.452,5.382,7.109,8.792,1.106,3.08,3.043
"1991-08",1.77,2.766,2.669,1.367,2.761,4.349,4.424,11.693,4.949,6.607,5.181,0.477,0.791,3.472,2.853,2.272,2.37,2.271,2.61,0.432,0.174,5.491,2.649,2.022,0.734,0.293,0.22,0.648,1.923,1.693,2.813,2.805,0.395,0.952,5.439,4.888,0.065,7.665,7.704,0.157,0.45,1.972,2.114,3.441,0.669,1.426,1.204,4.813,3.858,2.455,2.968,1.374,2.205,1.547,10.969,7.518,0.81,2.977,3.027
"1991-09",2.834,2.877,2.395,2.01,1.502,3.076,4.265,8.289,3.789,6.679,4.455,0.822,2.305,1.622,2.378,2.324,3.474,2.105,2.103,0.576,0.092,4.289,4.445,1.971,1.325,0.483,0.96,0.665,1.827,1.215,1.676,2.425,0.317,0.393,2.77,2.33,0.037,3.244,6.627,0.153,0.453,2.15,1.032,2.936,0.941,1.126,1.25,5.975,3.369,2.253,4.051,1.451,2.289,0.993,7.254,7.768,0.845,2.808,2.922
"1991-10",2.81,2.84,1.733,1.968,2.778,3.733,2.778,7.114,4.118,7.198,4.63,0.826,6.132,1.468,3.301,2.235,3.01,1.293,1.656,2.143,0.411,2.877,4.411,2.444,3.055,0.867,1.229,1.093,1.181,1.658,1.382,2.466,1.1,0.933,0.458,2.508,0.062,0.94,7.628,0.483,0.836,2.314,1.089,3.05,0.597,1.374,1.124,5.308,3.171,2.433,4.333,1.89,2.142,1.062,7.918,8.08,0.867,2.577,2.914
"1991-11",2.268,2.577,1.825,3.059,2.044,3.655,1.622,4.898,2.624,7.833,7.447,2.043,9.022,1.435,3.877,2.851,3.029,3.26,2,2.08,0.033,0.683,4.655,0.607,5.02,2.445,2.68,2.061,0.885,1.492,1.177,2.404,0.837,0.202,0.778,1.487,0.012,1.416,7.884,0.757,1.098,2.389,1.312,2.489,0.868,0.739,0.699,4.424,3.965,2.544,3.559,3.318,1.861,3.612,5.87,10.303,1.084,2.442,2.942
"1991-12",2.296,2.568,1.046,3.337,1.485,3.792,2.452,2.116,1.676,6.254,6.662,6.574,11.63,1.553,3.322,2.589,2.885,2.408,1.649,1.989,0.099,0.1,3.889,0.655,8.814,2.877,5.586,4.044,0.799,1.05,0.433,2.018,0.998,0.391,0.425,2.088,0.026,0.226,8.316,1.935,1.057,1.623,1.313,2.982,0.576,0.981,0.746,3.922,4.778,2.787,2.94,4.117,1.968,0.8,3.792,9.957,1.18,2.374,2.953
"1992-01",1.999,2.106,1.02,4.644,0.704,3,1.452,1.197,1.652,5.493,5.713,10.274,10.65,2.085,3.611,2.744,3.173,2.424,1.628,2.134,0.05,0.022,2.909,0.071,4.308,4.171,6.316,5.409,0.632,1.307,0.731,1.59,1.358,0.23,0.787,1.051,0.185,0.425,7.085,7.001,2.4,2.32,1.616,2.919,0.666,1.001,0.453,3.588,4.194,3.272,2.976,4.154,1.571,0.543,0.301,11.417,2.122,2.424,2.97
"1992-02",1.803,1.894,1.233,4.127,1.351,3.112,0.986,1.048,0.975,6.621,6.523,10.31,11.249,1.848,3.313,2.321,2.774,2.463,1.706,1.769,0.087,0.057,2.788,0.039,3.007,2.991,4.7,10.149,0.626,1.079,0.433,1.665,1.018,0.308,1.585,1.8,0.017,0.802,6.732,9.236,5.209,3.052,2.003,2.564,0.766,1.296,0.598,3.182,3.449,3.943,2.503,3.963,2.106,0.158,0.252,8.077,3.1,2.553,2.978
"1992-03",1.721,1.782,1.233,2.906,1.776,2.675,0.907,0.92,0.932,7.053,6.512,10.182,8.852,1.255,2.409,2.147,2.23,1.975,2.166,1.94,0.093,0.716,4.106,1.072,3.938,1.938,2.937,6.628,0.817,1.685,0.902,1.417,1.471,0.776,1.498,2.04,0.035,0.604,6.353,6.736,1.045,4.964,1.673,2.827,0.884,1.822,0.597,2.818,3.861,3.672,2.617,4.601,2.311,0.119,0.669,5.923,3.261,2.729,2.857
"1992-04",1.605,1.64,1.039,2.421,2.682,3.218,0.919,0.727,0.537,6.841,7.235,5.689,5.484,1.7,2.197,3.145,1.342,2.588,1.625,1.739,0.022,1.206,5.483,2.643,5.449,1.45,2.325,2.26,0.993,1.155,1.289,1.355,1.366,0.862,2.522,3.464,0.068,0.934,7.166,3.9,0.762,3.185,1.251,3.473,0.837,1.862,0.518,2.611,4.559,3.573,2.125,6.753,2.44,0.055,0.698,7.597,2.289,3.042,2.894
"1992-05",1.278,1.832,1.27,2.994,3.106,3.181,1.65,4.768,1.882,4.491,7.027,2.586,0.38,2.234,1.229,2.439,2.091,3.01,2.334,0.897,0.117,3.83,3.345,3.416,3.526,0.296,1.25,4.318,1.012,1.605,1.887,1.166,1.244,1.578,2.566,4.015,0.09,1.169,7.295,0.825,0.689,1.404,1.945,3.776,0.9,1.687,0.793,3.598,3.645,3.798,1.641,9.011,1.534,0.141,2.573,7.287,2.078,3.057,2.903
"1992-06",1.522,1.867,1.884,2.511,4.037,3.206,2.784,7.587,2.633,5.034,8.316,1.485,0.472,1.904,1.361,2.508,2.48,2.261,2.205,0.922,0.354,6.02,2.587,1.581,0.661,0.779,1.087,1.473,1.384,1.731,2.256,2.185,1.013,1.269,3.006,4.906,0.019,1.25,7.173,0.478,0.489,2.138,2.411,2.929,0.851,1.644,0.785,4,3.626,3.444,1.889,7.972,2.361,2.642,2.493,7.126,1.913,3.046,2.988
"1992-07",0.79,2.314,2.191,2.102,4.09,3.543,3.691,9.873,3.882,4.713,7.527,0.914,0.222,2.674,1.1,2.512,2.859,2.064,1.739,0.839,0.331,7.192,2.208,2.42,0.625,0.258,0.846,1.52,2.184,2.917,2.662,2.931,0.391,1.698,4.664,5.881,0.011,4.136,7.557,0.212,0.457,1.252,3.363,3.963,0.72,1.671,1.181,4.501,3.324,2.863,2.386,3.845,1.992,3.59,5.835,6.157,1.579,3.068,3.019
"1992-08",2.39,2.572,2.211,1.558,3.658,3.695,3.037,7.835,4.365,4.958,6.182,0.442,0.378,2.471,1.219,1.716,2.656,2.245,2.275,0.407,0.118,6.041,2.75,2.004,0.632,0.257,0.336,0.398,1.649,1.603,2.219,3.598,0.423,1.15,4.553,5.05,0.021,5.23,7.528,0.285,0.407,3.046,1.756,3.484,0.69,1.886,1.137,5.394,2.953,2.724,3.196,2.725,2.18,2.592,4.726,7.217,0.994,2.841,2.972
"1992-09",1.996,2.845,2.579,1.288,1.529,4.117,2.217,10.357,4.731,8.063,6.035,0.7,3.68,1.978,2.925,2.746,3.615,2.251,1.954,0.671,0.082,4.228,3.793,1.95,1.125,0.383,0.43,0.488,1.47,1.498,1.738,2.875,0.379,0.631,2.745,2.694,0.103,2.748,6.832,0.079,0.075,0.269,1.86,3.238,0.8,1.747,0.86,5.543,3.402,2.349,3.697,2.088,1.924,1.839,4.107,7.082,0.955,2.689,2.9
"1992-10",1.897,2.49,1.901,1.887,1.624,3.536,1.977,7.5,5.208,8.785,6.03,1.064,4.675,1.205,2.973,1.761,2.994,2.328,1.975,1.781,0.149,3.443,5.009,5.136,4.167,0.493,1.16,0.733,0.982,1.907,1.242,3.16,1.588,0.68,1.117,1.628,0.991,0.969,6.949,0.117,0.256,0.774,1.479,3.108,0.777,1.608,0.843,4.717,3.52,2.497,4.013,2.046,1.995,2.558,4.139,7.122,1.201,2.451,2.848
"1992-11",2.191,2.018,1.738,5.026,2.696,3.35,2.984,4.454,2.765,7.663,7.443,1.625,9.807,1.513,4.221,1.977,3.47,2.182,2.562,1.547,0.165,0.857,4.052,1.212,8.066,1.332,3.992,2.257,0.919,1.978,0.951,2.106,1.711,0.307,0.747,2.061,0.162,0.44,6.342,0.189,0.201,0.725,1.436,2.942,0.594,1.304,0.629,4.939,4.228,2.489,3.573,4.157,1.664,0.738,7.572,9.255,1.024,2.372,2.933
"1992-12",2.603,2.364,1.24,2.063,1.912,2.712,2.54,1.957,1.684,6.761,6.359,4.493,9.918,1.545,3.59,2.694,2.687,1.877,1.115,2.808,0.169,0.094,3.898,0.755,8.911,2.625,4.835,3.906,0.363,0.744,0.342,1.89,0.976,0.284,0.719,2.113,0.192,0.479,6.021,0.745,0.533,0.756,1.326,2.463,0.647,0.777,0.61,4.023,5.83,2.636,3.4,3.552,1.521,1.671,0.545,10.833,1.059,2.197,2.847
"1993-01",1.852,1.886,1.144,4.912,1.268,2.222,2.869,1.214,0.978,5.57,5.181,6.463,10.384,2.078,4.687,2.704,2.657,1.812,1.716,2.286,0.042,0.077,2.571,0.163,4.194,2.878,6.795,9.372,0.533,0.972,0.296,1.325,1.911,0.192,0.966,1.923,0.073,0.839,8.645,3.898,1.378,3.495,1.399,3.281,0.656,0.839,0.636,3.179,5.22,3.252,3.017,3.15,2.031,0.51,0.812,9.265,1.698,2.433,2.935
"1993-02",2.144,1.737,1.068,4.692,2.359,3.954,2.065,0.733,1.12,7.081,6.446,6.423,11.079,3.127,3.899,3.03,3.179,2.173,1.352,1.379,0.044,0.044,2.867,0.604,3.972,3.951,6.944,8.282,0.779,0.725,0.473,1.234,1.816,0.233,1.092,1.808,0.6,0.969,8.125,6.311,0.305,3.438,0.767,2.774,0.816,1.33,0.543,2.737,5.244,3.91,2.778,3.774,1.406,0.053,0.192,5.72,2.12,2.671,2.954
"1993-03",1.975,1.602,0.962,5.164,2.111,3.898,1.205,0.414,0.857,7.933,7.707,6.236,8.869,2.487,3.041,2.883,2.821,1.77,1.111,1.512,0.082,0.785,4.962,1.476,2.705,3.023,3.138,6.525,0.803,1.04,0.737,1.741,2.165,0.426,2.035,2.739,0.914,1.131,5.87,2.859,0.274,1.027,1.064,2.775,1.114,1.602,0.907,2.318,5.446,3.647,2.462,5.196,1.734,0.04,0.169,5.333,4.363,2.881,2.912
"1993-04",1.864,1.552,1.211,2.602,2.931,3.345,1.893,1.392,1.062,8.701,9.661,3.053,5.864,2.981,2.66,3.326,1.776,1.146,1.331,1.702,0.173,3.005,5.734,1.922,2.428,1.113,1.441,2.383,0.83,1.335,1.23,1.74,3.083,0.84,2.159,3.377,0.712,1.019,6.459,3.581,1.465,2.453,1.531,2.454,1.082,1.719,0.839,2.364,4.766,3.948,1.999,8.308,2.112,0.013,0.367,5.348,2.893,2.984,2.939
"1993-05",1.457,1.514,1.543,2.987,3.475,3.522,1.614,3.919,1.717,7.883,8.87,1.892,1.575,4.154,2.254,3.499,2.197,2.48,2.338,1.48,0.265,5.289,5.503,3.506,6.154,0.461,1.168,1.492,0.969,2.053,1.792,1.864,2.367,1.38,3.232,3.866,0.397,0.821,5.767,1.34,0.162,2.732,1.73,3.254,0.801,1.779,0.507,3.244,3.488,3.82,1.63,6.829,2.381,0.048,1.01,8.697,1.811,3.187,2.954
"1993-06",1.531,1.87,1.863,2.355,2.728,3.993,2.091,10.613,3.925,5.324,8.524,0.944,0.285,2.593,1.545,2.366,1.711,2.923,2.158,1.319,0.412,6.784,3.7,2.631,1.325,0.481,1.26,2.322,1.494,2.018,2.217,1.825,1.927,1.413,3.676,5.294,0.136,2.192,7.876,0.81,0.984,1.197,2.652,2.824,0.739,1.796,0.947,3.914,3.84,3.034,1.951,4.8,2.448,3.088,6.203,7.839,1.258,3.069,3.027
"1993-07",0.998,2.332,2.328,1.505,3.339,3.719,3.34,9.916,4.083,4.295,6.385,0.689,0.154,3.253,0.907,2.889,2.611,2.736,1.879,0.792,0.465,8.53,3.17,2.662,0.824,0.917,0.726,1.277,1.94,2.511,2.977,2.028,0.602,1.154,4.863,5.948,0.054,4.456,7.991,0.288,0.194,0.776,3.333,4.216,0.988,1.143,1.369,4.656,4.085,2.943,2.727,2.748,1.851,2.699,2.648,5.163,1.674,2.928,3.055
"1993-08",1.45,2.17,2.424,1.007,3.018,3.917,2.702,9.632,4.28,4.896,5.22,0.528,0.454,2.248,0.967,2.861,2.823,3.122,1.622,0.439,0.211,6.202,3.199,1.881,0.595,0.424,0.627,0.39,2.136,1.156,2.996,3.21,0.295,1.259,5.296,5.674,0.071,5.636,7.767,0.375,0.784,2.824,2.435,3.695,0.776,1.45,1.638,5.467,3.389,2.587,2.843,1.563,2.1,2.431,7.84,4.804,0.978,2.74,2.957
"1993-09",3.055,2.835,2.511,1.916,3.029,4.05,3.622,8.589,3.372,6.519,4.246,0.324,1.396,2.312,1.406,2.122,1.701,1.784,1.143,0.729,0.064,4.238,4.362,2.017,1.115,0.448,0.563,0.48,1.451,2.167,1.845,2.678,0.37,0.558,3.095,3.513,0.014,4.973,9.621,0.114,0.083,0.445,2.492,3.326,0.777,1.066,1.144,5.622,3.133,2.56,3.651,1.491,1.895,1.504,7.856,3.651,0.823,2.823,2.915
"1993-10",1.896,3.241,1.65,1.519,2.528,3.888,2.358,7.459,5.353,8.305,5.448,0.855,4.404,1.989,2.703,2.421,3.585,2.938,2.187,1.464,0.043,2.754,4.663,2.573,3.763,1.054,1.085,1.145,1.376,1.67,1.226,2.038,0.855,0.407,0.917,2.14,0.062,2.351,6.13,0.269,0.336,1.395,1.846,3.401,0.723,1.193,0.82,5.641,3.968,2.522,3.634,2.483,1.867,0.802,3.684,6.957,1.049,2.432,2.897
"1993-11",1.702,2.474,1.511,2.968,1.921,3.197,2.569,4.596,3.554,7.99,7.231,2.362,9.905,1.933,3.856,2.275,3.421,3.091,1.888,2.136,0.039,1.211,5.777,3.38,8.155,2.395,1.792,2.197,0.738,2.028,0.807,2.239,2.041,0.355,0.651,1.937,0.204,0.248,5.488,0.981,0.727,1.649,1.07,2.408,0.506,1.343,0.682,4.932,3.74,2.496,3.403,3.284,1.755,1.952,1.536,10.845,1.008,2.275,2.897
"1993-12",1.999,2.414,1.403,2.135,2.281,4.402,2.798,1.617,1.743,5.213,6.482,3.366,12.063,2.272,4.612,2.772,2.852,2.254,1.302,2.949,0.055,0.282,3.477,0.361,5.834,3.174,5.505,4.924,0.526,1.349,0.547,1.929,1.597,0.291,1.378,1.707,0.148,0.444,7.63,1.505,0.668,2.666,1.144,3.388,0.559,0.864,0.678,4.073,4.807,2.796,3.258,4.24,1.606,0.977,0.528,11.018,1.314,2.112,2.929
"1994-01",1.602,1.428,1.342,5.936,1.323,3,1.689,1.027,1.588,6.444,5.496,4.403,10.603,2.887,5.555,2.561,2.975,2.986,1.676,2.45,0.035,0.087,3.119,0.279,6.032,2.947,7.317,4.93,0.712,0.956,0.402,1.35,1.237,0.276,1.025,1.547,0.094,0.541,7.858,4.46,0.669,1.355,1.168,3.169,0.749,0.973,0.66,3.376,4.845,3.475,3.305,3.678,1.867,1.058,0.771,9.979,1.295,2.52,2.967
"1994-02",2.495,1.633,0.9,3.996,1.773,3.157,1.105,1.054,0.815,5.399,4.717,8.292,11.668,1.482,4.166,2.321,3.069,1.581,1.815,1.01,0.027,0.25,3.199,0.884,5.168,3.633,5.971,11.087,0.6,1.444,0.554,1.282,1.852,0.309,0.807,1.649,0.274,0.361,5.84,6.741,0.53,1.291,0.845,2.811,0.696,1.369,0.586,3.142,4.799,3.681,2.741,3.812,1.993,0.27,0.168,6.552,3.517,2.722,2.921
"1994-03",1.62,1.712,1.395,2.994,3.142,3.54,1.033,0.719,0.901,7.228,6.146,7.843,11.473,2.352,3.515,2.814,2.86,2.418,2.013,1.401,0.033,0.364,3.712,0.514,3.067,2.232,3.499,5.845,0.728,1.57,0.893,1.537,1.747,0.518,1.619,1.78,0.082,0.434,7.191,6.761,1.489,2.434,1.241,2.476,1.09,1.604,0.468,2.409,5.452,3.623,2.17,4.793,1.7,0.046,0.256,4.959,3.93,2.841,2.911
"1994-04",1.241,1.766,0.954,4.269,2.537,3.407,1.044,1.618,0.881,7.815,8.571,5.132,6.117,1.859,1.979,2.242,1.43,2.243,1.614,1.94,0.03,1.476,5.122,3.353,4.605,0.836,2.556,6.824,0.762,1.456,1.2,1.629,1.978,0.853,1.866,2.544,0.398,0.837,6.47,3.059,0.252,3.6,1.116,2.929,0.942,2.129,0.59,2.481,4.015,4.165,2.205,6.307,2.262,0.054,0.065,5.626,3.071,3.004,2.89
"1994-05",1.551,1.367,1.211,2.862,3.047,3.111,1.714,2.822,1.461,7.174,7.54,1.743,1.212,3.63,2.363,3.2,1.927,2.043,2.261,1.273,0.485,4.418,5.124,3.4,5.029,0.589,1.4,1.664,1.194,1.542,1.746,1.881,1.822,1.277,2.939,4.189,0.264,0.978,5.363,1.964,0.2,0.524,1.971,4.336,0.911,1.967,0.792,3.233,4.423,3.599,1.764,8.434,2.291,0.124,1.137,7.54,2.188,3.074,2.935
"1994-06",1.46,2.253,1.536,2.475,3.213,3.792,2.54,10.358,4.352,4.815,9.112,1.074,0.234,2.813,1.012,2.771,1.205,3.346,2.166,1.107,0.309,5.57,3.351,2.526,1.021,0.835,0.997,0.719,1.262,2.181,2.548,2.311,1.594,1.328,4.291,5.658,0.112,2.516,6.803,0.549,0.68,2.382,2.471,3.544,0.794,1.559,0.712,3.895,3.587,3.117,1.662,6.547,2.195,4.02,1.973,7.82,1.847,3.03,2.995
"1994-07",1.924,2.356,2.291,1.582,2.684,3.791,2.585,7.335,3.201,4.752,6.216,0.275,0.266,3.203,1.202,2.692,2.164,2.775,2.875,0.515,0.159,5.924,2.028,2.48,0.759,0.396,0.701,0.939,1.668,2.159,2.894,3.2,0.552,0.817,6.131,5.795,0.057,5.896,7.488,0.2,0.107,0.611,1.592,3.606,0.888,1.266,0.955,4.897,3.673,3.31,2.34,2.676,2.306,3.02,8.802,8.139,1.081,3.139,3.067
"1994-08",1.413,2.826,2.122,1.631,2.834,3.967,2.948,5.594,3.386,3.4,4.296,0.466,0.861,1.595,1.214,2.712,2.289,3.014,1.794,0.411,0.197,6.909,3.564,2.164,0.708,0.305,1.107,1.031,1.714,1.798,2.77,3.107,0.125,0.836,4.955,5.122,0.017,4.856,7.461,0.118,0.072,0.34,1.934,3.766,0.712,1.198,1.133,5.646,3.657,3.047,3.125,1.439,2.112,1.124,7.931,5.396,0.87,2.837,2.958
"1994-09",1.805,3.168,2.484,0.932,2.534,3.817,3.109,7.131,3.509,5.929,4.042,0.764,2.527,1.888,2.031,2.117,3.202,2.116,2.111,0.982,0.21,4.292,3.807,1.575,1.098,0.536,1.039,0.566,1.692,1.838,1.858,2.955,0.316,0.38,2.84,2.675,0.02,3.697,4.932,0.057,0.09,0.318,1.635,2.895,0.692,1.355,0.909,6.377,3.614,2.884,3.793,1.54,2.203,0.756,6.491,4.751,1.017,2.855,2.905
"1994-10",2.225,2.741,2.192,3.327,2.27,4.273,3.713,6.773,4.504,8.735,4.405,0.826,3.826,2.389,4.259,2.087,3.574,2.667,2.147,1.136,0.138,3.506,5.725,4.631,4.971,1.061,1.053,1.182,1.501,1.522,1.118,2.13,1.619,0.393,1.381,2.241,0.552,0.801,4.257,0.104,0.064,0.215,1.06,2.448,0.778,1.322,0.874,4.962,5.135,2.257,3.618,1.72,2.245,2.558,4.575,7.29,1.142,2.686,2.895
"1994-11",2.558,2.287,1.366,2.948,2.274,4.242,2.779,4.225,1.804,9.084,6.145,3.2,8.449,1.449,3.774,1.736,2.974,3.26,1.776,2.539,0.044,1.206,5.746,3.83,10.935,1.635,2.874,2.545,1.118,1.145,0.872,2.191,2.519,0.327,1.226,2.034,0.764,1.577,4.466,0.138,0.316,0.253,1.222,2.709,0.473,1.522,0.698,4.611,5.988,2.342,3.652,2.257,2.047,2.683,5.768,5.793,1.254,2.419,2.926
"1994-12",1.742,1.83,1.199,4.581,1.63,3.754,1.474,1.211,1.599,5.952,4.563,7.306,11.577,1.375,3.664,2.328,3.812,3.022,1.638,1.859,0.046,0.075,4.541,2.299,9.43,2.088,5.255,4.026,0.493,1.255,0.641,1.829,2.372,0.405,0.986,2.446,0.56,0.384,5.03,0.76,0.603,2.549,0.963,2.884,0.582,1.309,0.563,3.533,7.8,2.462,3.482,4.483,2.068,0.769,1.15,8.971,1.324,2.4,2.965
"1995-01",1.688,2.08,0.984,3.86,1.366,3.297,1.406,1.321,2.047,5.606,3.208,7.172,12.561,2.303,4.483,2.712,3.096,2.958,1.697,1.789,0.049,0.011,3.505,0.842,8.102,2.984,6.333,4.341,0.623,0.955,0.41,1.932,1.89,0.358,1.311,2.327,0.461,0.331,5.809,5.279,1.239,2.732,1.265,2.573,0.585,1.166,0.55,2.561,9.419,2.698,3.377,3.507,1.994,0.336,0.29,9.004,2.024,2.492,3.035
"1995-02",1.945,1.784,0.973,5.059,1.617,3.243,0.862,0.606,2.145,7.751,4.834,6.139,10.057,1.562,3.565,2.55,2.701,2.791,2.047,1.981,0.059,0.15,2.545,0.745,4.917,4.078,8.221,8.095,0.517,1.427,0.77,1.371,1.879,0.359,1.335,1.838,0.444,1.154,5.633,7.201,2.245,2.084,0.834,3.112,0.907,1.38,0.375,2.51,7.881,3.332,2.974,3.325,1.67,0.197,0.199,6.314,3.104,2.6,3.009
"1995-03",2.07,0.991,1.067,4.423,2.163,3.785,1.759,0.36,0.874,9.068,7.47,6.548,9.81,1.762,4.703,2.816,2.275,2.104,1.396,2.234,0.16,0.756,4.588,1.416,3.565,2.266,4.063,6.439,0.802,1.218,0.802,1.306,2.266,0.779,1.984,2.964,0.606,0.686,5.296,6.424,1.489,3.852,1.364,3.974,1.015,1.334,0.578,2.105,6.653,3.246,2.569,3.785,1.939,0.033,0.039,5.454,3.872,2.881,2.957
"1995-04",1.165,0.988,0.861,3.931,3.024,3.765,0.84,1.038,0.726,8.973,9.276,6.03,3.863,2.213,2.176,2.772,1.833,2.198,2.584,1.559,0.125,2.256,5.959,3.68,5.162,0.497,1.228,1.513,0.738,1.336,1.347,1.537,2.068,0.84,2.609,3.116,0.59,1.339,5.909,4.244,0.165,0.879,1.342,1.936,1.025,1.713,0.537,1.809,6.605,4.012,2.365,5.577,2.088,0.022,0.098,6.955,3.07,3.124,2.965
"1995-05",1.422,1.596,1.036,3.237,3.672,3.392,1.249,5.256,1.447,7.573,9.199,1.79,1.215,2.4,2.029,2.604,1.695,1.985,2.393,1.255,0.249,4.206,4.24,2.904,4.797,0.383,0.859,1.344,0.941,2.255,1.567,1.833,1.639,1.075,3.24,3.201,0.116,1.412,7.854,1.014,0.368,1.129,1.672,3.45,0.867,1.784,0.731,2.082,6.648,3.273,1.797,6.798,2.04,0.079,2.985,8.953,2.211,3.222,2.967
"1995-06",1.667,2.141,2.209,1.859,3.337,3.252,2.358,7.539,5.131,3.919,7.4,0.579,0.212,2.337,0.418,3.076,1.884,3.411,1.867,1.411,1.383,9.516,4.49,2.691,1.964,0.757,1.079,1.644,1.262,1.605,2.566,1.367,1.137,1.153,3.941,5.442,0.111,1.953,8.152,0.451,0.105,0.496,2.068,3.543,0.852,1.575,0.926,3.525,4.756,3.25,2.071,4.308,2.392,2.487,3.778,7.118,1.537,3.064,3.037
"1995-07",2.022,2.682,2.313,1.91,2.092,3.545,1.716,9.813,5.712,4.507,5.675,0.482,0.187,3.179,1.268,3.057,2.202,3.165,2.001,0.718,0.298,7.263,2.572,2.366,0.774,0.653,1.281,1.09,1.549,1.917,3.166,2.375,0.538,1.058,5.207,5.859,0.038,5.711,7.753,0.205,0.136,0.543,2.077,3.003,0.909,1.167,1.182,4.261,3.778,3.042,3.186,3.061,2.28,4.766,7.769,7.79,1.164,3.079,3.08
"1995-08",1.544,2.756,2.474,1.192,2.311,4.513,2.756,11.749,6.971,5.379,4.607,0.349,0.192,2.597,1.634,2.155,2.394,2.761,2.431,0.481,0.149,6.182,3.487,2.003,0.914,0.388,0.527,0.637,2.068,1.203,2.559,2.374,0.279,0.788,5.383,6.134,0.011,6.33,8.827,0.169,0.477,1.556,1.999,3.094,0.481,1.539,1.296,4.724,3.092,2.556,3.156,1.586,2.028,2.715,8.752,5.883,0.823,2.969,2.966
"1995-09",2.237,2.913,2.386,1.277,3.821,4.089,5.205,12.505,6.325,6.297,3.748,0.31,2.076,1.794,2.668,1.735,3.308,1.744,1.255,1.049,0.327,5.749,4.582,1.834,1.149,0.593,0.86,0.454,1.794,1.284,1.735,2.625,0.291,0.404,2.512,2.775,0.04,3.238,7.061,0.103,0.07,0.784,2.434,3.472,0.764,1.609,1.46,5.02,3.398,2.661,3.758,1.297,2.414,0.735,4.327,6.539,0.762,2.731,2.922
"1995-10",2.083,2.796,2.188,2.952,2.279,3.51,1.685,6.138,4.725,7.887,4.109,0.874,6.963,2.212,3.725,2.795,3.403,2.213,0.87,1.815,0.36,4.562,5.322,4.801,2.88,0.933,1.369,1.658,1.432,1.303,1.176,2.168,0.67,0.564,1.209,2.517,0.162,1.749,5.457,0.103,0.176,0.696,1.131,3.177,0.687,1.576,1.14,5.301,3.328,2.592,4.072,1.705,1.714,2.924,4.941,8.051,1.199,2.418,2.883
"1995-11",2.569,2.03,1.626,4.314,1.717,4.417,0.907,3.837,3.605,7.641,7.205,2.32,7.799,1.769,3.505,2.093,2.187,1.741,1.096,2.816,0.065,2.611,5.497,5.858,6.82,1.45,1.441,0.969,0.91,1.515,0.887,2.215,2.019,0.728,0.886,1.995,1.126,0.412,6.448,0.307,0.273,0.728,0.921,2.457,0.642,1.483,0.837,5.09,3.416,2.607,4.184,3.227,1.978,4.12,4.873,9.197,0.861,2.354,2.952
"1995-12",1.766,2.713,1.632,3.998,1.855,4.252,1.633,2.246,0.853,6.607,7.564,3.758,10.306,2.098,4.681,2.537,2.803,2.124,1.821,2.617,0.052,0.197,4.212,0.726,8.884,2.307,3.466,2.185,0.51,1.469,0.63,2.216,1.685,0.401,0.693,1.791,0.033,0.222,7.36,1.406,0.627,1.104,0.579,2.625,0.522,0.662,0.644,4.124,4.327,3.229,3.191,4.448,2.092,1.313,1.383,12.068,0.853,2.293,2.966
"1996-01",2.572,1.917,0.976,4.613,0.865,2.932,0.335,1.519,1.435,5.836,7.09,9.049,9.916,1.587,2.737,2.811,2.168,1.79,1.461,2.506,0.07,0.122,3.793,0.266,5.682,3.911,7.136,4.636,0.664,1.415,0.583,1.533,1.09,0.291,1.302,1.504,0.039,0.394,8.037,4.165,1.109,2.705,1.214,2.764,0.548,1.159,0.627,3.375,4.462,3.719,2.665,4.829,1.357,1.504,0.136,8.985,1.69,2.482,2.94
"1996-02",2.06,1.925,1.069,2.834,1.57,3.249,0.755,0.69,0.623,5.69,6.505,9.14,11.127,1.853,3.831,2.419,3.033,1.912,1.084,1.994,0.073,0.117,3.517,0.142,3.658,4.434,6.148,6.004,0.69,0.845,0.499,1.592,1.331,0.224,1.496,1.844,0.054,0.446,8.885,5.118,0.953,2.12,1.794,2.178,0.76,1.497,0.894,2.895,4.218,3.92,2.35,4.637,1.643,0.033,0.161,7.395,2.974,2.606,2.95
"1996-03",2.132,1.923,1.08,2.623,2.529,2.829,2.834,0.582,0.434,4.171,6.261,10.018,11.914,1.917,2.614,2.919,2.223,1.171,2.168,2.03,0.172,0.843,3.938,0.812,4.301,3.457,5.025,3.915,0.72,0.965,0.532,1.023,2.363,0.653,2.019,3.08,0.157,0.666,5.773,6.565,0.994,2.624,1.467,3.086,0.99,1.443,0.861,2.568,3.389,3.947,2.343,5.988,2.219,0.015,0.023,6.853,3.106,2.945,2.901
"1996-04",1.764,1.815,1.375,2.54,1.992,3.247,0.818,0.962,0.333,7.285,8.577,5.724,5.881,2.582,2.198,2.711,2.136,2.303,2.032,1.469,0.083,1.919,5.469,2.22,3.343,1.266,2.614,3.139,1.075,1.926,1.242,1.898,1.195,0.983,2.092,3.311,0.089,0.338,8.274,2.924,0.927,4.54,1.577,2.768,0.981,1.865,0.55,2.769,3.47,4.022,1.74,7.661,2.083,0.161,0.859,6.946,2.565,3.028,2.935
"1996-05",1.445,2.005,1.444,2.353,2.66,2.457,1.696,3.009,1.998,6.359,8.094,2.809,1.62,3.005,1.497,2.92,1.624,2.35,1.713,1.382,0.344,4.537,5.045,2.609,3.279,0.186,0.977,1.778,1.014,2.006,1.879,2.252,1.372,1.218,2.072,4.652,0.088,1.281,8.486,1.061,0.24,4.189,1.3,4.277,0.751,2.211,0.686,3.335,3.297,3.875,1.484,8.526,2.044,0.759,3.926,7.398,1.796,3.171,2.965
"1996-06",1.498,1.612,2.398,1.271,3.804,4.106,3.102,8.135,3.202,4.634,8.512,1.719,0.496,3.536,1.194,2.818,2.133,3.188,2.376,0.563,0.149,4.009,2.799,1.867,0.746,1.039,1.152,1.611,1.404,1.777,2.401,2.553,0.675,1.116,3.48,4.897,0.014,2.461,7.753,0.935,1.218,5.548,2.498,4.31,0.969,1.693,0.888,4.599,2.437,3.525,1.321,8.13,2.073,4.101,3.998,4.323,1.395,3.108,2.983
"1996-07",1.74,2.562,2.558,1.556,2.614,5.097,3.679,8.474,3.499,5.262,9.061,1.024,0.649,3.252,0.857,2.878,2.027,2.168,2.267,0.524,0.171,6.765,1.991,2.205,0.937,0.388,0.67,1.226,1.908,2.511,2.689,2.18,0.33,0.97,5.188,5.446,0.061,5.361,7.731,0.397,1.484,1.741,2.345,3.811,0.889,1.254,0.869,4.655,2.608,3.057,1.681,4.736,2.135,4.298,4.798,7.268,1.254,2.872,2.998
"1996-08",1.702,2.933,2.558,1.026,2.728,3.808,4.061,8.423,3.619,5.941,6.866,0.512,0.338,2.709,1.223,2.661,2.772,2.985,1.881,0.506,0.194,6.634,3.666,2.269,0.884,0.403,0.862,1.003,1.76,1.718,2.992,3.069,0.354,0.779,4.754,5.299,0.166,5.962,8.011,0.185,0.348,1.64,2.078,2.79,0.613,1.594,1.036,5.292,2.984,2.965,2.571,2.134,1.969,2.289,7.881,7.386,0.881,2.894,3.027
"1996-09",1.984,2.735,2.005,1.683,2.483,5.173,3.116,8.039,4.392,7.564,6.586,0.62,1.867,1.269,1.964,2.5,3.43,1.272,1.869,0.621,0.105,4.606,4.398,1.889,1.258,0.755,0.79,0.658,1.724,2.027,2.365,2.603,0.327,0.528,2.601,2.993,0.031,3.986,7.655,0.274,0.369,2.256,1.121,3.2,0.769,1.081,1.133,5.883,2.671,2.566,3.237,2.142,1.925,0.819,6.709,5.552,0.775,2.723,2.895
"1996-10",1.981,2.712,2.298,3.374,1.017,3.582,1.825,7.389,4.161,9.1,7.411,2.168,5.933,0.679,2.384,1.895,3.67,2.405,1.93,1.496,0.1,2.221,4.688,1.807,3.411,1.169,1.164,0.744,1.36,1.073,1.168,2.583,0.587,0.478,0.742,2.784,0.005,2.097,7.094,0.191,0.663,2.514,1.354,2.727,0.734,1.322,0.889,5.22,2.64,2.564,3.496,2.035,2.021,1.894,9.568,9.41,0.686,2.542,2.884
"1996-11",2.438,2.317,1.61,3.484,2.098,4.221,2.216,4.579,3.077,7.364,7.956,2.109,9.366,1.692,4.391,2.212,3.311,1.822,1.867,1.98,0.22,0.759,4.15,0.638,5.259,2.467,3.537,1.962,0.916,1.483,0.927,1.714,1.642,0.61,1.143,2.185,0.232,1.653,6.479,0.512,0.472,1.526,1.573,3.727,0.678,1.117,0.908,5.371,3.404,2.79,3.523,3.023,1.716,1.381,5.624,8.625,1.038,2.235,2.942
"1996-12",1.978,2.299,1.098,3.497,1.471,3.262,2.231,1.67,1.35,7.316,7.344,4.504,10.356,1.932,4.029,2.8,3.359,2.702,1.241,2.468,0.108,0.204,3.12,0.597,7.49,3.239,7.275,4.931,0.757,1.614,1.09,1.747,1.498,0.185,0.503,1.553,0.459,0.21,6.901,1.896,0.913,1.837,1.128,2.271,0.651,0.963,0.808,4.298,4.841,2.999,3.115,4.318,1.53,0.575,0.422,10.806,1.174,2.296,2.964
"1997-01",1.935,1.92,1.013,3.046,2.062,4.336,1.641,0.718,0.762,5.547,4.691,7.582,12.019,3.305,4.432,3.272,3.577,2,1.422,1.899,0.063,0.091,3.087,0.177,5.803,3.179,6.643,7.761,0.811,1.335,0.787,1.796,1.584,0.275,2.029,1.534,0.156,0.349,8.645,6.564,1.394,2.269,1.066,2.128,0.593,1.032,0.783,3.471,4.874,3.318,2.705,4.604,1.672,0.576,0.421,9.031,1.657,2.465,3.001
"1997-02",1.632,1.458,0.746,5.888,1.6,3.336,1.212,0.482,0.607,6.903,5.859,9.715,12.487,2.573,3.158,2.773,2.55,2.794,1.559,1.633,0.049,0.177,2.808,0.949,4.311,3.822,6.578,7.128,0.423,1.465,0.744,1.405,1.976,0.412,1.124,2.216,0.345,0.432,6.884,8.465,2.654,3.855,1.136,3.154,0.733,0.89,0.689,2.88,4.747,3.912,3.093,3.208,1.658,0.175,0.046,5.804,2.105,2.656,2.953
"1997-03",1.477,1.44,1.117,4.369,2.21,3.847,1.111,0.273,0.425,8.269,5.8,10.504,12.049,2.096,3.65,2.45,2.605,2.23,2.072,1.262,0.067,0.486,3.976,0.489,3.26,2.258,2.871,7.94,0.83,1.439,0.778,1.087,2.182,0.57,1.766,2.259,0.24,0.962,6.595,5.178,0.482,1.702,1.667,1.207,0.995,1.591,0.622,2.689,4.81,4.016,2.094,5.069,2.092,0.033,0.202,5.102,3.971,2.962,2.956
"1997-04",1.794,1.503,1.373,3.303,2.3,2.818,1.707,0.482,0.604,7.746,7.021,7.193,6.347,2.415,2.993,3.122,1.888,1.554,1.084,1.711,0.108,1.922,5.674,2.145,4.686,0.548,2.574,2.999,1.04,1.135,1.374,1.508,3.234,0.817,2.35,3.004,0.885,0.852,6.139,1.456,0.062,1.032,1.156,2.477,0.907,1.862,0.555,2.825,5.336,3.863,1.818,7.603,2.206,0.233,0.065,5.618,2.069,3.088,2.911
"1997-05",1.387,1.477,1.202,3.217,3.415,3.468,1.692,2.033,0.956,7.321,6.307,3.871,2.15,4.459,2.132,3.249,1.393,2.361,2.73,1.322,0.27,2.683,5.683,5.022,4.466,0.586,1.197,1.036,1.291,1.908,1.578,1.089,2.063,1.294,2.676,4.043,0.595,0.914,6.243,0.322,0.177,0.528,1.511,2.621,0.887,1.73,0.814,3.529,4.742,3.799,1.565,8.117,2.074,0.302,3.561,6.293,2.49,3.219,2.976
"1997-06",1.609,2.223,1.987,2.16,3.98,3.613,3.102,6.184,1.838,4.996,8.288,1.414,0.225,2.416,1.064,2.231,1.928,3.255,1.712,1.044,0.202,4.251,3.451,2.043,1.603,0.604,0.645,1.421,1.237,1.958,2.96,2.312,1.068,0.875,3.421,4.218,0.075,2.153,6.2,0.192,0.698,0.794,2.505,3.763,0.999,1.291,0.831,4.345,3.857,3.404,1.533,7.599,2.443,3.141,4.295,8.535,1.452,3.09,2.998
"1997-07",1.559,2.855,2.114,2.002,3.434,3.571,2.409,5.014,2.278,4.436,6.488,0.443,0.261,2.306,0.767,2.783,2.653,2.42,1.979,0.559,0.205,7.157,2.775,2.682,0.947,0.361,0.614,1.204,2.088,1.668,3.603,2.23,0.504,1.07,5.534,6.226,0.023,5.664,6.529,0.292,0.255,0.883,1.583,3.93,0.756,1.559,1.225,5.396,4.7,3.08,1.874,3.015,2.248,2.802,8.707,6.058,1.061,3.027,3.057
"1997-08",1.973,2.696,2.582,2.67,2.783,2.994,3.098,6.999,2.911,4.345,5.374,0.485,0.384,2.208,1.618,2.08,2.361,3.166,1.228,0.39,0.243,6.541,3.538,2.359,0.854,0.442,0.721,1.162,2.127,1.249,3.123,3.419,0.372,1.356,4.831,5.851,0.026,5.291,6.029,0.088,0.184,0.804,2.433,3.468,0.762,1.552,1.158,5.813,3.774,2.863,2.574,2.345,1.886,2.468,9.635,3.922,0.924,2.887,2.962
"1997-09",2.184,2.491,2.054,2.245,3.041,3.277,5.09,6.5,3.172,5.26,3.984,0.624,2.124,2.318,1.769,2.495,2.988,2.306,2.046,0.946,0.281,5.651,4.971,2.56,2.277,0.314,0.853,1.049,2.036,1.529,1.912,3.034,0.133,0.575,3.184,2.907,0.071,2.986,5.626,0.081,0.073,0.785,1.595,3.337,0.885,1.427,1.261,6.136,4.115,2.881,3.135,1.447,1.994,1.06,4.422,4.833,0.894,2.492,2.892
"1997-10",1.651,2.257,2.097,2.59,2.943,3.71,4.461,6.177,4.079,7.277,5.828,1.708,6.786,2.849,3.075,2.76,3.364,2.899,1.854,2.046,0.105,3.45,6.504,4.455,5.603,0.77,0.731,1.21,1.064,1.763,1.335,3.03,0.59,0.805,1.222,2.421,0.102,1.245,4.429,0.065,0.239,1.73,1.738,3.668,0.821,1.223,0.893,5.024,4.531,2.349,4.014,1.431,2.173,3.631,5.693,6.91,0.973,2.405,2.903
"1997-11",2.328,2.606,1.976,3.516,1.957,4.75,1.373,4.681,3.577,9.151,6.401,1.674,8.794,1.967,3.344,2.56,2.628,3.015,1.972,2.272,0.107,1.171,6.243,3.864,8.532,1.722,3.968,1.6,0.765,1.96,1.125,2.8,1.592,0.312,0.609,1.89,0.584,0.873,4.719,0.186,0.506,0.76,1.511,3.108,0.625,0.871,0.848,4.35,5.981,2.384,3.525,3.304,1.976,4.542,5.856,6.39,1.182,2.323,2.939
"1997-12",2.445,2.575,1.481,3.52,1.36,3.924,2.652,1.843,1.494,6.539,4.671,4.67,11.833,1.602,3.856,3.056,3.508,2.042,1.95,1.816,0.182,0.471,4.778,0.911,9.779,2.24,6.162,4.364,0.722,1.119,0.796,2.001,1.728,0.23,2.518,1.886,0.159,1.655,5.566,1.39,0.471,0.904,1.028,2.998,0.634,0.757,0.848,4.127,7.342,2.508,2.961,4.156,1.996,3.304,2.573,7.775,1.289,2.256,2.996
"1998-01",1.697,2.122,1.048,4.607,0.849,2.899,1.543,1.168,1.356,4.858,3.345,9.618,13.132,1.58,3.603,2.83,4.095,1.771,2.024,1.245,0.207,0.092,4.047,0.709,8.77,3.809,6.779,7.508,1.01,1.3,0.641,1.146,1.005,0.34,1.926,1.967,0.772,1.205,5.414,3.824,1.041,1.622,1.269,2.581,0.629,0.682,0.735,2.829,8.666,3.073,3.265,3.608,1.921,0.683,0.215,7.519,1.424,2.498,3.005
"1998-02",1.999,1.232,0.966,5.733,1.952,3.283,2.281,0.775,1.73,6.864,4.223,8.415,10.712,1.678,3.271,2.537,3.744,2.213,1.728,1.189,0.033,0.039,3.247,1.103,6.326,3.992,5.466,10.709,0.784,1.166,0.586,0.984,1.925,0.351,1.371,2.441,0.862,0.792,5.129,7.662,1.783,1.947,0.943,3.326,0.881,1.155,0.772,2.338,7.99,3.482,2.464,3.398,2.036,0.299,0.165,5.64,2.066,2.654,2.969
"1998-03",2.088,2.036,1.271,3.599,2.728,2.66,2.496,0.883,1.431,6.364,3.813,6.365,10.011,2.044,3.794,3.02,2.565,2.14,1.684,1.605,0.067,0.285,4.727,1.316,4.832,1.986,4.586,7.582,0.898,1.214,0.604,1.193,2.436,0.575,2.171,2.319,0.296,1.048,5.071,3.763,0.577,1.407,1.162,2.222,0.981,1.721,0.837,2.333,7.347,4.081,2.075,3.756,2.162,0.106,0.409,6.007,2.701,3.009,2.959
"1998-04",1.809,1.511,1.459,3.073,1.955,3.188,1.436,0.7,1.489,7.713,8.846,5.425,5.893,1.787,1.856,2.597,2.488,1.937,1.082,1.194,0.189,1.334,4.415,2.458,3.389,0.651,3.218,7.346,1.043,1.018,1.104,1.514,2.165,1.071,3.39,3.027,1.57,1.534,5.921,2.048,0.252,0.522,1.183,3.039,0.937,1.853,1.206,1.869,8.247,3.06,1.826,5.474,2.522,0.148,0.117,5.907,2.656,3.13,2.92
"1998-05",1.697,1.616,1.61,3.6,4.545,3.799,1.235,3.249,3.061,6.431,9.693,2.206,1.069,3.394,1.688,3.16,1.78,2.233,1.893,1.583,0.358,3.01,4.586,4.172,5.094,0.554,1.377,1.919,0.888,2.342,1.622,1.995,3.519,1.227,3.086,4.176,1.639,1.919,5.673,0.432,0.116,0.49,2.159,3.252,1.135,1.447,0.783,2.613,7.029,3.244,1.595,7.916,2.238,0.039,0.449,6.062,2.69,3.17,3.035
"1998-06",1.778,2.086,1.95,2.514,3.084,2.92,1.924,9.019,5.479,5.001,7.34,0.433,0.491,3.65,1.38,2.653,1.847,3.816,2.583,1.245,0.693,8.732,4.445,3.093,3.915,1.104,0.765,0.781,1.331,2.165,2.82,2.053,1.562,1.579,3.273,4.503,0.101,1.603,5.448,0.174,0.259,0.618,2.728,4.192,0.955,1.55,0.723,3.52,6.321,2.87,2.129,5.38,2.581,1.41,4.265,8.279,1.712,2.941,3.073
"1998-07",2.302,2.469,2.116,2.62,4.412,4.066,2.278,9.967,3.894,3.948,5.656,0.352,0.173,3.366,0.997,2.18,1.719,2.852,2.704,0.885,0.433,6.438,2.275,2.595,0.882,0.386,0.546,0.749,1.965,1.657,2.813,2.576,0.546,1.498,4.056,6.827,0.069,4.468,6.001,0.359,0.802,1.09,2.526,4.183,0.729,1.446,1.333,4.78,4.909,2.945,2.404,2.635,2.193,4.536,6.19,7.601,1.19,3.109,3.087
"1998-08",1.97,2.748,2.664,1.281,2.753,3.498,2.882,9.324,4.797,3.894,4.556,0.35,0.253,2.151,1.517,2.59,2.797,2.482,1.346,0.724,0.171,5.951,2.654,1.894,0.947,0.212,0.589,0.685,2.234,1.577,2.522,2.282,0.35,1.6,4.446,6.597,0.008,5.861,6.167,0.066,0.094,0.463,2.326,4.01,0.809,1.066,1.406,5.856,4.223,2.71,2.934,2.033,1.672,2.26,9.659,5.875,0.871,2.936,3.024
"1998-09",1.803,3.204,2.645,1.03,4.16,4.102,6.613,10.008,3.189,7.047,4.933,0.488,2.716,1.7,2.303,2.25,3.472,1.746,1.391,0.875,0.181,4.806,4.16,2.711,2.074,0.256,0.721,0.465,2.046,1.428,1.948,2.527,0.444,0.276,3.291,2.419,0.074,4.195,5.667,0.036,0.075,0.255,1.99,4.078,0.643,1.452,1.166,5.987,3.485,2.555,3.241,1.487,2.247,1.124,5.584,5.287,0.861,2.771,2.924
"1998-10",2.394,3.446,2.097,1.867,1.698,3.064,3.683,5.48,3.644,9.288,5.967,0.509,3.818,1.546,2.527,1.945,3.446,2.103,0.775,1.892,0.232,3.906,5.307,4.774,4.891,1.035,1.16,0.723,1.513,1.577,1.465,2.275,1.748,0.812,1.595,1.83,0.445,2.264,5.256,0.068,0.126,0.472,1.792,3.285,0.711,1.349,0.971,5.499,3.848,2.363,4.1,2.15,1.972,3.318,9.887,6.199,1.016,2.5,2.909
"1998-11",1.98,2.437,1.556,3.34,2.428,2.973,3.355,3.267,2.642,8.608,6.916,2.233,9.034,1.861,4.528,2.565,3.674,3.089,2.291,1.758,0.029,0.613,4.982,5.463,10.527,1.055,1.364,1.427,1.251,1.405,0.789,2.126,1.986,0.444,1.368,2.255,0.745,0.652,5.406,0.35,0.283,0.839,1.078,3.198,0.719,0.913,0.994,4.908,5.18,2.572,3.202,3.012,1.962,1.971,2.668,7.983,0.916,2.413,2.945
"1998-12",1.48,2.615,1.589,2.925,1.467,2.769,3.28,2.088,1.438,5.368,5.643,5.885,9.268,2.276,4.152,2.505,2.883,3.021,1.695,2.43,0.029,0.304,4.857,0.25,6.157,2.704,5.13,4.454,0.693,1.021,0.53,1.801,0.901,0.39,1.854,2.002,0.112,0.875,7.08,1.292,0.681,1.59,1.209,2.734,0.559,0.883,0.636,4.053,5.956,2.888,3.064,4.75,1.665,2.67,0.771,11.105,1.058,2.326,2.987
"1999-01",1.357,1.84,1.225,4.228,1.807,3.064,4.19,1.628,0.966,5.931,5.032,6.745,10.813,2.686,4.54,2.991,2.773,3.966,2.155,2.465,0.024,0.017,3.158,0.617,5.443,3.322,6.678,5.822,0.748,1.802,0.545,1.442,1.486,0.389,0.48,1.726,0.334,0.367,7.082,6.639,1.668,3.225,0.827,3.405,0.661,0.95,0.696,3.334,5.428,3.395,3.07,3.969,1.899,0.47,0.347,9.044,1.406,2.489,3.007
"1999-02",2.851,1.71,1.161,3.041,1.259,3.14,2.567,0.916,0.905,3.945,5.508,9.596,14.713,1.956,3.639,3.074,1.935,1.85,1.693,2.48,0.115,0.338,2.792,0.3,2.326,2.911,6.356,9.144,0.628,1.046,0.643,1.325,2.315,0.228,1.115,1.595,0.254,0.879,6.454,10.359,3.558,2.453,1.768,2.396,0.863,1.142,0.653,3.12,4.619,3.29,2.478,5.184,1.873,0.861,0.1,5.575,2.92,2.595,2.943
"1999-03",2.048,1.923,1.18,3.279,1.674,2.992,1.787,1.06,0.996,5.726,6.589,7.637,10.639,1.819,3.098,2.942,1.842,1.9,1.355,1.913,0.061,0.869,3.374,0.854,3.876,2.608,5.94,7.731,0.686,0.801,0.588,1.349,2.223,0.584,2.273,2.337,0.048,0.826,7.561,7.061,2.129,2.912,1.864,2.84,1.04,1.44,0.629,2.862,4.253,3.701,2.443,4.911,1.975,0.047,0.083,5.394,3.383,2.774,2.954
"1999-04",1.586,1.192,1.348,5.001,2.944,3.526,1.456,1.187,0.572,9.091,9.921,5.449,5.336,2.499,1.444,3.248,2.127,2.55,2.544,0.91,0.138,2.525,5.278,1.994,3.372,1.258,2.486,3.649,0.835,1.981,0.918,1.994,1.983,0.961,2.405,2.902,0.312,0.809,6.615,3.917,1.013,2.071,1.416,3.797,1.192,1.454,0.539,3.158,3.607,4.056,1.896,7.649,2.074,0.036,0.409,6.902,2.221,3.015,2.974
"1999-05",1.907,1.865,1.414,2.311,3.092,3.726,1.949,4.096,1.39,6.612,10.326,2.262,1.485,3.296,1.478,3.454,1.591,2.169,1.646,1.52,0.263,3.469,3.991,3.44,4.482,0.522,1.143,2.004,1.172,2.36,2.026,1.911,1.796,1.252,2.116,2.568,0.424,1.635,7.803,1.52,0.236,3.192,1.053,3.007,0.947,1.393,0.688,4.025,2.976,3.642,1.411,9.001,1.965,0.343,4.998,6.406,1.981,3.189,2.968
"1999-06",1.735,2.108,1.277,2.674,4.457,3.878,2.325,7.66,2.855,4.571,8.449,0.769,0.274,4.485,1.076,3.188,1.447,2.993,2.033,1.251,0.252,4.843,2.95,2.809,1.454,0.753,0.922,0.656,1.761,1.801,3.224,1.363,0.662,1.161,3.783,4.918,0.036,5.513,8.377,0.733,1.206,4.24,2.142,4.426,0.904,1.587,0.974,4.77,2.644,3.541,1.771,6.417,2.016,1.987,10.569,6.994,1.703,2.869,3.088
"1999-07",1.521,2.532,2.624,1.85,3.467,3.662,3.329,9.197,2.319,5.105,6.094,0.459,0.284,4.387,1.378,3.108,2.349,3.483,2.479,0.464,0.158,6.465,2.409,2.548,0.534,0.43,0.852,0.797,1.802,1.76,2.9,2.454,0.321,1.088,6.03,5.301,0.024,4.831,7.042,0.517,0.564,2.076,2.784,4.328,0.818,1.462,0.996,5.38,2.82,2.847,2.212,2.654,1.99,1.679,7.524,8.208,1.459,2.921,3.015
"1999-08",2.235,2.962,2.078,0.941,3.926,3.963,4.093,7.135,3.609,5.184,5.232,0.381,0.343,2.23,1.635,2.645,2.318,1.599,2.003,0.451,0.164,6.031,2.798,2.412,0.866,0.645,1.215,0.803,1.707,2.432,2.75,3.045,0.328,0.443,4.672,4.979,0.186,6.338,7.603,0.113,0.417,1.442,3.072,4.486,0.918,0.923,1.249,5.97,2.24,2.882,2.838,1.78,1.906,1.492,7.542,5.834,1.173,2.75,2.971
"1999-09",2.681,3.258,2.571,0.959,1.388,3.919,5.551,8.552,3.124,6.859,4.421,0.43,3.602,2.997,1.853,2.545,3.178,2.699,1.555,0.466,0.03,3.658,4.504,2.139,1.463,0.441,0.942,0.726,1.606,0.975,2.226,2.458,0.507,0.363,3.603,2.709,0.022,4.935,9.224,0.14,0.16,1.523,2.55,3.781,0.713,1.25,1.335,5.971,2.21,2.749,3.055,1.444,2.129,0.945,8.788,4.847,0.94,2.652,2.936
"1999-10",2.203,2.619,2.179,3.014,2.209,3.849,3.655,8.058,3.418,8.402,5.918,0.479,4.001,1.404,2.136,2.01,3.093,2.607,1.326,1.751,0.134,4.135,5.551,1.204,2.464,0.856,1.028,0.74,1.482,1.235,1.619,2.832,0.374,0.285,0.858,2.306,0.028,2.462,7.584,0.264,0.142,0.558,1.219,2.624,0.627,1.304,1.131,5.468,2.646,2.535,3.958,2.031,1.921,0.661,5.763,8.227,0.784,2.718,2.897
"1999-11",2.047,2.531,1.34,3.725,1.951,3.608,2.491,5.022,3.711,8.525,5.932,1.686,8.767,1.599,3.278,2.203,3.125,2.726,1.955,1.827,0.099,1.228,4.756,0.903,5.809,1.999,3.628,2.882,1.028,1.803,1.244,2.139,1.325,0.508,0.533,1.299,0.385,1.289,7.891,0.496,0.627,1.599,1.738,2.72,0.555,1.317,0.882,5.485,3.253,2.489,3.545,2.529,1.824,1.958,3.531,8.244,0.97,2.341,2.913
"1999-12",2.145,1.761,1.59,4.843,2.325,3.829,3.291,2.183,1.62,6.201,7.235,4.289,12.941,2.557,4.126,2.85,2.791,2.49,2.25,1.98,0.065,0.183,4.053,0.453,7.223,2.783,6.265,6.246,1.075,1.11,0.595,1.759,1.035,0.399,1.309,1.412,0.046,0.415,8.297,1.543,0.683,2.286,1.266,3.343,0.647,0.832,0.726,4.35,4.122,2.786,2.994,3.928,1.73,0.738,0.42,9.614,1.331,2.176,2.946
"2000-01",2.217,2.097,1.209,5.114,1.236,2.837,2.24,1.433,1.759,6.924,4.793,6.819,12.197,2.54,4.376,2.944,2.658,1.787,1.125,2.1,0.059,0.061,2.989,0.2,5.549,3.317,7.89,7.569,0.732,1.534,0.659,1.506,1.59,0.333,0.886,1.646,0.23,0.284,8.121,7.752,2.048,3.501,1.207,3.666,0.749,1.032,0.765,3.709,4.064,3.147,3.228,3.106,1.839,0.243,0.26,8.583,1.555,2.448,2.976
"2000-02",2.337,2.143,1.155,2.807,2.154,2.13,3.26,0.944,0.807,6.075,5.886,8.242,11.095,2.697,4.11,3.303,3.257,1.8,2.425,0.87,0.153,0.063,3.21,0.76,5.217,3.792,6.717,7.935,0.807,1.767,0.607,1.305,2.013,0.427,1.241,1.931,0.866,0.629,7.47,6.125,0.909,3.966,0.753,2.202,0.873,1.104,0.656,3.106,4.322,3.961,2.877,3.449,1.773,0.086,0.229,7.115,2.4,2.664,2.978
"2000-03",2.15,1.59,1.023,2.95,1.895,2.559,2.211,0.842,0.88,7.818,5.582,8.029,10.894,1.557,3.047,2.381,2.015,3.187,1.984,1.76,0.043,0.337,4.056,1.007,3.804,2.276,3.176,4.527,0.531,1.647,0.804,1.549,1.282,0.488,1.759,1.998,0.328,0.575,6.737,5.372,1.437,0.522,1.766,3.223,1.042,1.393,0.459,2.586,5.529,4.096,2.345,3.86,2.012,0.066,0.021,5.129,2.676,2.912,2.9
"2000-04",1.527,1.673,1.387,3.378,2.332,2.761,2.104,1.001,0.706,7.208,8.156,5.465,4.755,2.843,1.974,3.604,2.217,2.798,2.69,1.354,0.105,1.964,6.043,2.693,3.636,1.526,2.137,2.033,0.944,1.499,1.256,1.866,1.959,0.656,2.351,2.784,0.585,0.576,6.397,1.459,0.216,0.779,1.851,2.938,1.146,1.139,0.754,2.518,6.034,3.796,2.063,7.689,2.047,0.038,0.334,5.604,2.873,3.127,2.964
"2000-05",1.131,1.757,1.67,2.993,4.137,2.786,1.651,2.623,1.395,7.069,7.412,2.05,1.174,3.613,1.938,2.652,2.313,3.064,2.056,0.927,0.216,5.497,5.169,3.984,6.076,0.462,1.115,1.581,0.964,2.044,2.269,2.236,2.275,1.003,2.388,3.437,0.458,0.776,6.038,1.364,0.493,1.496,2.151,3.144,0.905,2.008,0.395,2.925,5.297,3.686,1.768,6.318,2.517,0.046,2.285,8.13,1.649,3.191,2.962
"2000-06",1.088,1.823,2.104,3.57,4.159,4.412,2.785,8.081,2.743,5.113,7.843,0.44,0.322,3.516,1.128,2.838,2.232,3.283,1.641,0.901,0.908,8.15,4.145,2.627,1.683,0.399,0.648,0.876,1.109,2.564,2.52,1.703,1.01,1.375,2.878,5.39,0.158,0.865,6.144,0.306,0.086,1.589,2.234,4.269,0.898,1.798,0.801,4.054,4.776,3.17,1.929,4.798,2.567,2.798,0.587,7.314,1.669,2.908,3.006
"2000-07",2.121,2.529,2.483,1.829,3.111,4.052,3.284,11.329,4.437,3.984,4.896,0.272,0.245,3.967,1.199,2.458,1.72,2.781,2.406,0.825,0.551,8.181,2.525,2.616,0.637,0.614,0.466,1.169,1.786,2.107,2.847,2.553,0.562,1.62,5.487,5.818,0.073,4.503,8.374,0.151,0.232,0.855,2.547,3.659,0.857,1.478,1.454,4.78,4.591,3.177,2.346,2.265,2.525,2.751,6.274,4.518,1.261,2.967,3.104
"2000-08",2.259,2.843,2.547,1.476,3.407,4.111,3.395,9.615,4.51,4.562,3.982,0.243,1.324,4.318,1.392,2.454,2.253,2.312,1.787,0.567,0.175,6.421,2.824,1.584,0.776,0.239,0.486,0.602,1.808,2.154,2.574,2.732,0.179,0.81,4.692,4.619,0.012,4.282,5.921,0.128,0.036,0.493,2.105,3.261,0.82,1.326,1.505,6.683,4.745,2.813,3.098,1.526,1.919,2.688,5.066,3.796,0.955,2.89,3.061
"2000-09",2.364,3.177,2.673,1.378,3.333,3.244,4.91,8.827,3.12,7.386,4.653,0.657,1.494,3.9,1.601,2.947,2.877,1.875,1.87,1.666,0.166,5.457,5.103,3.821,1.81,0.908,1.072,0.656,1.936,1.561,1.874,2.309,0.533,0.652,3.125,2.385,0.158,3.555,4.659,0.145,0.027,0.068,0.964,2.375,0.824,0.966,1.041,5.735,5.186,2.292,3.687,1.179,2.331,3.794,8.471,2.753,1.098,2.754,2.923
"2000-10",1.646,2.67,2.069,1.831,2.067,3.542,3.808,5.614,4.464,9.06,4.958,0.887,4.22,2.728,3.42,2.56,3.723,1.691,1.548,1.943,0.237,5.272,7.303,6.152,4.811,1.058,1.151,0.777,1.177,1.976,1.354,2.392,2.163,0.885,1.006,2.293,0.752,1.442,4.619,0.061,0.054,0.276,0.919,2.043,0.617,2.022,0.82,4.846,6.375,2.209,4.064,1.869,2.21,3.659,8.232,2.555,0.753,2.699,2.931
"2000-11",2.375,2.826,1.631,2.165,2.565,3.236,3.535,3.992,2.837,8.699,7.183,1.609,8.184,1.863,4.813,2.43,2.995,3.407,2.31,2.378,0.118,1.356,6.118,2.857,6.671,1.231,3.365,4.915,0.715,1.846,1.088,2.592,0.948,0.448,1.198,1.744,0.148,3.248,4.521,0.299,0.459,1.598,1.002,2.57,0.811,0.737,0.556,4.692,6.686,2.109,3.553,3.554,2.061,6.664,6.825,3.788,1.251,2.395,2.965
"2000-12",2.465,2.051,1.199,3.841,1.799,4.521,2.862,1.488,1.29,8.113,5.971,6.505,11.652,1.026,3.768,2.537,2.843,1.924,1.947,2.045,0.071,0.105,4.584,1.495,10.381,2.323,4.692,4.053,0.747,1.873,0.955,1.767,1.781,0.448,0.825,1.947,0.235,0.782,4.893,1.577,0.567,1.198,1.108,2.816,0.671,0.702,0.591,3.344,8.873,2.477,3.306,3.165,2.032,2.313,2.363,6.832,1.673,2.307,2.979
"2001-01",2.372,1.306,1.037,5.345,2.15,4.575,3.085,0.848,2.518,5.16,5.101,7.225,11.139,1.188,4.455,2.06,3.034,2.4,1.239,2.777,0.199,0.076,3.21,0.563,7.028,2.509,5.755,4.752,0.638,0.965,0.515,1.367,2.786,0.345,1.244,1.8,0.262,1.144,4.762,5.047,1.401,7.14,0.814,2.099,0.603,0.975,0.849,2.662,9.452,2.883,3.134,3.536,1.86,0.246,1.47,7.102,2.163,2.675,3.041
"2001-02",1.829,1.698,0.896,4.465,1.398,3.744,1.381,1.437,1.676,6.571,2.471,6.415,9.782,0.983,4.331,2.78,2.527,2.381,1.86,2.009,0.078,0.01,2.389,0.815,6.142,3.706,6.178,7.7,0.65,0.909,0.546,0.99,2.18,0.479,1.508,2.321,0.243,0.735,5.2,7.884,1.528,3.931,1.402,2.582,0.877,1.133,0.658,2.209,9.853,3.065,3.559,1.861,2.458,0.153,0.161,6.718,3.013,2.656,3.057
"2001-03",1.682,1.044,1.255,4.348,3.434,4.838,1.8,0.502,1.178,8.481,4.049,6.243,9.977,1.419,3.65,3.003,2.853,2.54,1.892,1.399,0.032,0.33,4.196,1.029,5.062,3.157,4.321,3.207,0.398,1.56,0.8,1.584,1.991,0.913,1.698,2.625,0.088,0.715,5.646,4.172,2.375,2.108,1.886,2.946,0.985,1.792,0.629,1.836,9.452,3.212,2.902,2.036,2.303,0.097,0.085,4.669,3.78,2.937,3.011
"2001-04",1.639,1.394,1.149,3.115,2.344,3.458,0.817,1.086,0.982,10.224,8.265,2.806,3.328,1.624,3.703,2.188,1.795,2.412,1.394,1.668,0.104,1.166,4.885,2.64,6.572,1.04,2.337,1.34,0.888,1.382,1.123,1.767,2.464,0.858,2.988,4.073,0.464,1.006,5.536,2.404,1.056,2.399,1.864,3.65,0.9,1.927,0.673,1.68,8.52,3.169,2.427,3.759,2.53,0.061,0.065,5.899,3.341,3.064,2.941
"2001-05",1.996,1.938,1.662,3.036,2.835,2.697,1.526,3.012,3.765,7.304,9.802,2.37,1.243,3.136,1.482,2.906,1.41,2.572,2.45,1.481,0.35,3.787,4.121,3.416,4.027,0.607,0.685,1.073,1.027,2.585,1.687,1.603,2.249,1.478,3.084,3.915,0.992,1.569,7.281,0.991,0.499,1.406,2.251,3.414,0.927,1.659,0.47,1.595,9.195,2.885,1.741,7.066,2.409,0.092,0.633,8.408,2.118,3.334,3.067
"2001-06",1.773,1.899,2.102,2.586,2.847,4.268,1.469,8.55,6.076,6.712,7.818,0.619,0.299,4.468,1.58,2.135,1.5,2.961,2.407,1.534,0.589,8.17,3.548,2.164,2.784,0.58,1.186,0.963,1.558,2.981,2.686,2.481,1.21,1.669,3.918,6.279,0.102,2.023,8.511,0.601,0.166,2.088,1.63,3.46,0.811,1.728,1.113,2.694,6.856,3.161,1.997,3.816,2.492,1.625,3.688,6.399,1.332,3.046,3.108
"2001-07",1.912,2.816,2.423,1.082,3.395,6.185,2.607,13.966,8.811,6.238,6.596,0.731,1.512,3.886,3.204,2.074,2.129,3.224,1.989,0.788,0.275,6.365,3.021,2.69,1.069,0.457,1.316,1.108,1.762,2.555,3.5,2.383,0.608,1.348,5.472,6.083,0.078,4.846,7.286,0.117,0.304,0.693,2.908,4.005,0.788,1.709,1.17,3.188,4.62,2.991,2.095,1.813,2.666,3.776,6.518,7.54,1.022,2.964,3.078
"2001-08",1.688,2.645,2.415,1.651,2.194,4.265,1.888,11.111,4.37,6.809,5.6,0.411,1.49,3.25,1.945,2.419,2.89,2.819,1.542,0.388,0.349,6.961,3.266,2.24,0.94,0.44,0.528,1.159,1.784,2.203,3.167,3.808,0.366,0.743,5.661,5.206,0.043,5.974,7.221,0.162,0.044,0.672,1.31,3.548,0.824,1.653,1.387,5.08,3.919,2.593,2.869,1.718,2.331,3.005,8.139,6.81,0.741,2.944,3.043
"2001-09",2.364,2.817,2.423,1.897,2.605,4.032,4.652,11.073,5.249,7.391,5.694,0.309,1.743,2.988,2.323,2.546,3.158,1.202,1.826,0.742,0.057,4.51,4.413,1.806,1.391,0.507,0.467,0.415,1.775,2.292,2.133,2.553,0.263,0.697,2.456,3.988,0.027,4.357,7.162,0.207,0.271,0.689,1.389,2.467,0.706,1.319,1.16,5.409,3.26,2.45,3.771,1.782,1.843,2.258,9.14,5.553,0.907,2.811,2.94
"2001-10",2.436,2.673,1.9,2.96,2.284,3.013,3.593,5.755,3.613,8.207,5.435,1.088,4.998,1.906,3.6,2.016,3.154,2.407,1.167,1.792,0.174,3.929,5.701,6.112,5.006,0.788,1.304,0.883,1.321,1.982,1.608,2.158,1.534,0.534,1.311,2.435,0.576,1.469,7.288,0.321,0.13,0.52,1.382,3.528,0.541,1.313,1.021,5.199,3.46,2.341,4.157,1.982,2.043,3.061,8.248,4.72,0.888,2.686,2.913
"2001-11",2.063,2.717,1.493,2.335,2.636,3.098,3.649,4.148,1.649,8.851,7.934,2.521,8.473,1.578,3,3.043,3.839,3.142,2.803,2.238,0.017,1.111,5.521,2.654,9.595,1.215,3.184,2.553,0.905,1.387,0.786,2.352,2.442,0.326,0.78,1.945,0.092,1.335,7.351,0.476,0.265,1.178,1.276,2.677,0.478,1.096,0.751,4.797,4.914,2.638,3.486,3.742,1.903,2.238,4.13,5.869,1.169,2.393,2.988
"2001-12",2.253,2.652,1.389,2.152,1.483,3.498,1.847,2.126,1.927,6.654,6.228,6.75,12.932,1.861,4.212,2.839,2.62,2.008,0.617,2.405,0.03,0.208,3.885,0.778,9.562,2.66,7.046,5.101,1.001,0.999,0.645,2.009,1.297,0.303,1.84,2.81,0.199,0.756,7.751,2.196,0.902,4.658,1.096,3.102,0.721,0.828,0.883,3.558,4.859,2.833,3.09,4.298,1.666,1.43,2.656,10.367,1.295,2.203,2.976
"2002-01",2.54,2.55,1.592,2.845,0.85,3.08,1.929,0.83,1.707,6.208,6.312,6.08,11.295,2.004,4.495,2.697,2.827,2.185,1.142,2.763,0.038,0.067,3.151,0.155,6.13,3.133,5.698,7.11,0.75,0.744,0.53,1.165,1.15,0.147,1.106,1.791,0.068,0.829,7.38,7.987,0.986,5.039,1.13,2.574,0.691,1.018,0.721,3.362,4.547,3.601,2.891,3.584,1.813,0.513,0.643,10.7,1.633,2.493,3.001
"2002-02",2.022,1.936,0.946,4.679,1.63,3.238,1.986,1.002,0.679,6.334,5.612,10.847,12.338,1.633,3.408,2.373,2.443,2.365,1.455,2.141,0.017,0.066,3.59,0.162,4.583,3.782,7.095,6.734,0.706,0.999,0.836,1.014,1.619,0.311,1.39,2.234,0.051,0.461,7.017,5.273,1.11,1.062,1.061,2.591,0.852,1.439,0.719,2.641,3.671,4.045,2.881,3.745,1.882,0.127,0.351,12.208,2.543,2.64,2.989
"2002-03",1.573,1.866,0.969,2.379,1.809,2.748,1.056,0.681,0.521,7.309,6.123,10.125,12.042,2.454,3.732,2.888,2.646,2.431,1.595,1.281,0.018,0.661,4.226,1.627,6.224,2.062,5.193,4.694,0.51,1.88,0.699,1.858,1.586,0.604,1.83,2.379,0.049,0.467,6.647,7.009,1.466,2.54,1.176,3.284,1.017,2.284,0.525,2.435,4.518,3.803,2.71,4.596,1.997,0.343,1.094,7.031,2.635,2.804,2.943
"2002-04",1.529,1.848,1.503,2.946,1.991,2.671,0.736,0.908,0.869,7.726,9.021,6.234,4.701,1.684,1.967,2.589,2.23,2.612,2.453,1.03,0.124,1.203,4.996,2.071,4.432,0.829,2.506,3.53,0.7,1.224,1.298,1.582,1.191,1.179,1.907,3.468,0.026,0.979,7.335,5.933,0.885,1.488,1.869,2.844,0.938,1.932,0.797,2.307,3.966,4.321,1.989,8.038,1.75,0.023,1.272,7.372,2.213,3.196,2.947
"2002-05",1.64,1.627,1.832,2.461,2.626,3.218,1.644,3.887,1.113,6.739,9.568,2.221,1.28,3.116,0.826,3.383,1.609,3.194,1.788,1.561,0.198,3.758,4.195,3.679,4.931,0.296,1.239,2.699,1.133,1.621,1.985,1.275,1.378,1.152,3.053,3.725,0.206,1.591,7.942,2.82,0.344,0.941,2.042,3.923,0.963,1.602,0.857,3.31,3.085,4.087,1.248,9.242,2.089,0.042,3.661,7.086,1.627,3.227,2.977
"2002-06",1.656,2.323,1.831,2.19,4.845,3.788,1.951,9.233,2.367,6.247,8.741,1.34,0.453,4.198,1.722,2.689,1.977,3.354,2.7,0.939,0.344,6.06,3.07,2.531,1.374,0.387,0.471,0.894,1.307,2.186,3.285,1.899,0.887,1.257,3.701,5.223,0.05,2.338,8.662,0.678,0.162,0.839,2.174,4.779,1.016,1.745,0.817,3.845,3.26,3.466,1.533,5.252,2.431,2.24,6.09,9.273,1.226,3.192,3.08
"2002-07",1.995,2.684,2.31,1.361,2.637,3.94,2.791,9.239,2.701,4.517,8.717,0.755,0.196,2.261,0.882,2.513,2.111,3.572,2.699,0.665,0.137,6.329,2.563,2.674,0.97,0.237,0.909,1.314,1.622,1.94,3.357,2.261,0.335,1.29,5.813,5.958,0.144,5.518,8.301,1.023,1.03,1.579,1.906,3.5,0.647,1.483,1.286,4.462,3.542,2.993,1.867,3.638,2.026,1.777,6.171,6.159,1.478,3.04,3.014
"2002-08",1.621,2.711,2.704,1.12,2.255,4.204,1.91,6.905,2.612,5.592,6.873,0.674,0.597,2.075,2.017,2.501,2.738,2.957,1.767,0.357,0.253,6.955,3.403,2.4,0.605,0.329,0.604,0.636,2.029,1.706,2.653,3.091,0.448,1.233,5.771,5.771,0.315,7.179,7.969,0.574,0.865,2.567,2.837,3.852,0.673,1.739,1.134,4.889,2.433,2.912,2.528,2.112,1.911,2.533,8.35,6.243,1.326,2.849,2.968
"2002-09",2.12,3.224,2.29,1.131,3.065,3.905,4.673,8.588,5.205,5.569,6.711,0.551,1.608,1.455,1.831,2.501,3.211,1.717,2.132,0.375,0.095,5.388,4.538,2.449,1.228,0.633,0.454,0.691,1.462,2.005,2.12,2.673,0.377,0.462,3.525,3.894,0.042,6.103,8.03,0.475,0.598,2.189,2.539,4.053,0.753,1.686,1.446,5.997,1.658,2.759,3.09,2.332,1.631,1.542,8.829,5.15,0.877,2.596,2.943
"2002-10",2.447,2.69,2.403,2.473,1.059,3.939,2.386,6.307,4.791,7.802,6.732,1.091,5.665,1.675,2.744,2.604,3.838,3.106,2.373,1.086,0.026,2.153,4.431,1.381,1.515,1.07,1.675,1.326,1.365,1.524,1.109,3.024,0.211,0.412,1.207,2.235,0.012,2.598,8.457,0.765,0.383,1.266,1.546,2.501,0.719,1.475,1.222,5.604,1.746,2.845,3.249,2.844,1.802,0.634,8.311,6.374,1.188,2.458,2.868
"2002-11",2.5,2.834,1.812,3.097,2.047,4.513,2.242,3.524,1.877,6.061,7.541,2.724,10.635,2.546,4.564,2.541,3.184,1.562,1.488,1.86,0.206,0.941,4.869,0.784,3.19,2.393,2.4,2.526,1.065,1.588,1.145,2.345,0.964,0.345,0.423,2.054,0.197,1.448,9.734,2.339,0.929,2.775,1.18,3.037,0.66,0.978,0.93,4.955,2.387,2.666,3.467,3.83,1.704,3.59,7.998,6.478,1.083,2.281,2.93
"2002-12",2.011,2.969,1.429,3.247,1.494,3.188,1.101,1.747,1.32,4.727,7.437,5.519,12.946,2.1,4.232,2.972,3.623,2.466,1.328,2.25,0.048,0.119,3.37,0.294,5.404,2.912,6.35,4.138,0.794,0.871,0.642,1.892,1.457,0.42,1.261,2.013,0.117,0.489,8.27,3.561,0.785,2.883,0.861,3.1,0.647,0.771,0.911,4.518,2.946,3.253,2.875,5.03,1.756,0.378,3.41,10.319,1.548,2.298,2.986
"2003-01",1.768,3.077,1.049,0.556,0.721,2.386,1.198,1.259,1.173,5.252,6.186,8.109,11.569,2.787,4.557,3.181,3.776,3.748,2.536,2.051,0.046,0.004,2.503,0.365,3.865,3.375,7.444,10.391,0.965,1.28,0.951,1.541,1.152,0.224,0.323,1.187,0.475,0.32,8.727,10.081,1.173,1.448,1.104,2.295,0.667,0.801,0.725,3.692,3.042,3.77,2.783,4.084,1.828,0.42,0.328,8.03,2.257,2.392,2.993
"2003-02",2.387,1.99,0.948,4.228,0.848,2.192,0.984,0.768,1.05,7.47,4.469,8.264,12.83,2.938,4.572,3.132,1.991,2.864,0.75,2.219,0.019,0.132,3.572,0.108,2.903,3.433,4.016,5.257,0.771,0.561,0.55,1.401,1.417,0.416,1.075,1.448,0.016,0.188,7.05,9.498,2.61,1.447,1.368,2.32,0.825,1.502,0.87,3.384,3.145,3.973,2.832,3.815,2.024,0.167,0.121,6.795,4.232,2.635,2.959
"2003-03",1.914,1.62,1.235,4.604,1.638,3.315,1.551,0.338,0.486,7.041,5.327,9.387,10.68,1.471,3.21,1.912,3.408,1.756,1.364,0.949,0.029,0.215,3.909,0.633,4.585,4.345,4.428,3.243,1.039,1.068,0.574,1.17,1.472,0.654,1.621,1.904,0.189,0.77,7.098,5.022,1.696,1.894,1.601,2.345,0.952,1.773,1.191,2.873,3.426,4.213,1.865,4.906,1.925,0.064,0.787,6.782,2.826,2.891,2.88
"2003-04",1.662,1.877,1.457,2.786,2.788,3.26,1.689,1.06,0.781,6.821,8.085,6.016,5.643,1.772,2.032,2.907,2.32,1.504,1.009,1.426,0.168,1.292,5.35,1.686,4.049,1.347,2.552,1.41,0.847,1.52,1.22,1.943,1.928,1.168,2.585,2.407,0.223,0.648,6.778,4.771,1.195,0.963,1.888,3.799,1.038,2.169,0.794,2.841,3.793,3.962,1.629,7.985,2.03,0.059,1.027,7.466,2.098,3.104,2.911
"2003-05",1.434,2.034,1.383,2.466,2.346,3.753,1.64,3.066,1.643,7.377,7.392,3.465,1.821,4.461,2.106,2.717,1.634,3.363,2.075,1.15,0.411,3.664,5.317,3.812,2.352,0.925,1.574,2.175,1.091,1.642,1.773,2.197,1.821,0.903,3.256,3.661,0.24,0.832,7.376,0.53,0.341,1.069,2.476,4.096,0.848,1.916,0.663,3.649,3.08,3.913,1.529,7.45,2.416,0.034,0.739,6.315,2.182,2.954,2.936
"2003-06",1.449,1.874,1.699,2.678,4.395,3.711,2.449,9.127,2.341,6.265,6.875,0.685,0.519,5.089,1.793,2.731,1.693,3.14,2.121,1.17,1.062,6.574,4.654,2.433,1.327,0.747,1.013,1.694,1.333,1.984,2.398,2.691,0.919,1.376,4.44,5.577,0.186,2.251,7.274,0.371,0.235,1.703,2.623,3.213,1.158,1.529,0.955,3.83,2.552,3.595,1.34,8.833,2.626,0.963,2.349,6.752,1.735,3.011,3.021
"2003-07",2.074,2.601,2.345,2.616,3.218,3.678,2.856,7.316,1.973,5.725,7.753,0.628,0.607,3.998,1.718,2.599,1.875,3.027,1.666,0.839,0.398,7.443,2.801,2.566,0.516,0.535,0.9,0.984,1.844,1.889,3.171,2.304,0.412,1.186,5.753,5.766,0.085,3.326,6.538,0.187,0.236,0.211,2.591,3.455,0.742,1.099,1.068,5.273,3.242,3.244,1.885,4.501,2.317,3.754,1.991,6.056,1,3.146,3.035
"2003-08",2.118,2.916,2.408,1.546,2.293,3.302,2.753,7.896,2.65,5.77,6.514,0.389,0.373,1.95,0.899,2.636,2.587,2.569,1.214,0.611,0.161,7.439,3.432,2.56,1.018,0.299,0.436,0.62,1.689,1.783,3.106,4.207,0.317,0.782,3.948,5.471,0.055,4.695,7.326,0.188,0.371,0.854,1.986,3.024,0.724,1.546,1.012,5.357,3.441,2.64,2.786,2.494,2.194,3.286,6.551,6.145,0.847,3.064,2.984
"2003-09",2.237,3.037,2.558,2.179,2.381,4.144,2.599,7.619,3.558,7.14,6.084,0.295,1.171,1.482,2.259,2.004,2.633,3.386,1.362,0.98,0.076,5.282,4.925,2.01,1.833,0.219,0.396,0.353,1.699,1.492,1.923,3.095,0.197,0.61,3.252,3.422,0.046,4.198,6.107,0.072,0.044,0.454,1.478,2.452,0.552,1.447,1.331,6.136,3.939,2.477,3.12,2.834,1.799,2.414,6.81,4.836,0.931,2.866,2.944
"2003-10",1.601,2.687,2.291,1.625,3.38,4.507,4.619,7.392,2.027,8.101,6.57,0.939,4.393,1.861,2.061,2.763,3.476,2.88,1.783,1.895,0.116,3.681,6.588,6.498,6.96,0.77,1.297,1.113,1.406,1.639,1.494,2.574,1.438,0.438,1.465,1.344,1.077,1.414,4.203,0.07,0.065,0.507,1.203,3.284,0.661,1.208,1.252,5.535,4.218,2.518,3.234,3.267,1.736,3.559,4.276,4.591,1.124,2.728,2.918
"2003-11",1.937,2.356,1.603,3.551,2.345,5.125,2.773,4.517,2.393,8.302,6.228,2.876,9.565,1.444,5.047,2.139,2.92,2.27,1.935,2.277,0.096,0.858,5.912,4.432,8.428,1.742,4.135,3.548,1.355,1.373,0.773,1.768,2.287,0.362,1.558,1.848,0.745,1.156,4.876,0.279,0.399,1.344,0.675,1.882,0.621,1.106,1.097,4.977,5.04,2.667,3.367,3.331,2.043,5.081,3.663,5.6,1.352,2.225,2.965
"2003-12",2.033,1.717,1.424,4.826,1.604,4.33,1.751,1.846,1.392,6.896,5.967,5.53,10.953,1.392,3.469,2.194,3.621,1.93,2.006,1.913,0.087,0.101,4.329,2.083,10.455,2.124,6.799,5.928,1.114,1.562,0.682,1.619,2.226,0.241,2.011,1.827,0.294,1.537,6.273,1.013,0.604,1.99,0.843,2.388,0.682,0.985,0.98,3.458,6.828,2.85,2.955,5.826,1.388,1.505,0.932,6.902,1.628,2.318,2.968
"2004-01",2.026,2.097,1.084,3.643,0.919,2.513,1.04,1.163,1.315,4.876,3.211,8.584,13.645,2.271,4.634,3.109,4.286,2.255,1.855,1.462,0.096,0.051,3.214,0.733,8.085,3.848,7.507,9.08,0.725,0.971,0.308,1.187,1.676,0.294,1.753,2.641,0.246,0.829,5.224,2.884,0.594,0.487,1.046,2.574,0.597,0.974,0.836,3.023,6.991,3.404,3.304,4.02,2.06,0.503,0.312,7.86,2.131,2.55,2.997
"2004-02",1.843,2.53,1.168,1.368,0.885,2.352,3.054,0.824,1.396,6.383,3.155,7.895,12.537,1.887,3.043,2.687,3.781,2.508,1.27,1.916,0.019,0.024,3.381,0.637,5.529,3.275,5.164,9.209,0.891,0.496,0.482,1.125,1.734,0.344,1.263,1.923,0.086,0.832,7.144,8.939,1.676,0.834,1.272,2.425,0.898,1.23,0.956,2.859,6.346,3.469,2.981,3.029,2.286,0.108,0.248,6.307,3.357,2.595,3.016
"2004-03",1.719,1.73,1.092,3.727,2.486,4.527,0.766,0.297,0.787,6.949,4.236,7.531,12.024,1.449,3.968,2.521,3.052,1.87,1.751,1.456,0.029,0.236,3.404,0.992,4.129,2.661,4.046,6.967,0.993,1.071,0.699,1.596,2.06,0.842,1.713,2.687,0.148,0.629,6.542,2.741,0.421,1.279,0.863,1.814,0.924,1.444,1.077,2.434,6.425,3.696,2.235,3.784,2.048,0.014,0.094,5.894,4.242,2.871,2.942
"2004-04",1.558,0.947,1.335,4.615,3.277,3.386,0.819,0.771,0.708,7.693,7.586,6.226,5.076,2.522,2.447,2.596,2.292,2.668,1.947,1.365,0.143,1.998,5.099,2.336,3.666,0.607,1.487,2.225,1.26,0.994,1.176,1.795,2.658,0.791,2.464,2.983,0.287,0.543,5.418,1.559,0.365,2.635,1.111,1.615,0.872,1.848,0.905,2.594,5.245,4.078,1.886,7.294,2.159,0.037,0.062,5.345,3.67,3.169,2.91
"2004-05",1.211,1.765,1.368,3.408,4.563,3.556,1.317,3.699,1.273,6.46,7.112,2.833,2.105,3.391,2.561,2.825,2.459,2.892,2.751,0.798,0.333,3.769,3.69,3.838,4.96,0.19,0.677,1.387,1.283,2.325,1.63,2.08,1.72,1.015,2.834,4.07,0.306,1.587,6.483,0.862,0.853,0.709,1.83,4.476,0.87,1.752,0.77,3.396,4.931,3.561,1.37,7.735,2.054,0.071,2.686,8.544,2.022,3.238,3.01
"2004-06",1.718,2.162,2.042,1.892,4.008,3.583,3.142,7.928,2.741,6.054,9.146,1.01,0.455,2.61,2.262,2.601,1.877,2.676,2.757,0.793,0.254,5.717,3.41,2.372,1.267,0.457,0.866,0.851,1.828,2.403,2.677,2.462,0.74,0.929,3.687,5.143,0.036,3.344,7.04,0.831,0.871,2.128,2.151,3.875,0.793,1.601,0.766,4.093,3.67,3.06,1.755,5.183,2.371,2.132,3.293,7.449,1.737,3.12,3
"2004-07",1.157,2.356,2.294,1.843,3.353,4.413,2.731,7.56,2.149,4.768,5.683,0.676,0.839,2.212,1.829,3.031,2.582,3.161,2.982,0.226,0.114,5.936,2.079,1.927,0.542,1.17,0.993,0.782,1.851,1.875,3.508,3.694,0.408,1.112,5.77,6.409,0.013,4.304,8.136,0.359,0.518,2.09,2.254,4.07,0.88,0.903,1.235,5.109,3.91,3,1.996,2.214,2.528,1.835,2.86,6.019,1.023,2.92,3.018
"2004-08",1.953,2.912,2.381,1.748,2.804,3.628,2.516,5.599,2.706,4.949,5.203,0.738,0.619,2.81,1.059,2.686,2.852,2.251,1.49,0.251,0.128,5.72,2.895,1.998,0.613,0.188,0.688,1.631,2.101,1.51,3.52,3.224,0.253,0.884,4.756,5.594,0.058,5.337,6.991,0.123,0.444,0.759,2.728,4.421,0.621,1.323,1.322,6.427,3.115,3.048,2.604,1.809,1.684,1.846,8.178,3.595,1.273,2.924,2.993
"2004-09",2.283,3.651,2.323,1.087,4.111,3.69,5.553,6.827,4.08,6.962,5.779,0.871,3.086,2.543,2.788,2.381,2.985,2.526,1.414,0.379,0.057,3.956,4.812,2.601,1.895,0.737,1.811,0.572,1.627,1.209,2.164,2.761,0.204,0.842,1.912,3.473,0.065,2.379,5.904,0.082,0.058,0.146,1.781,2.913,0.622,1.52,1.408,5.929,4.376,2.783,2.965,1.39,2.132,0.336,3.256,3.807,1.066,2.77,2.931
"2004-10",2.153,3.003,1.544,2.742,2.111,3.403,3.501,5.329,3.46,8.8,4.499,1.539,6.815,1.514,3.368,2.163,4.152,2.889,2.179,1.206,0.175,3.671,5.803,3.175,5.914,0.606,1.708,1.203,1.416,0.935,1.28,2.726,1.41,0.603,1.256,2.187,0.364,1.926,5.531,0.178,0.274,1.157,1.097,2.779,0.619,1.044,1.166,5.196,4.73,2.425,3.966,1.38,2.137,1.37,8.093,6.637,0.82,2.509,2.912
"2004-11",2.428,2.611,1.433,4.056,1.292,3.566,3.17,3.062,2.287,7.542,6.204,2.599,10.541,1.648,4.532,2.504,2.612,3.361,1.423,2.601,0.023,1.034,5.356,1.288,7.239,1.632,2.158,1.857,1.16,1.373,0.853,2.404,1.327,0.492,0.914,2.322,0.121,0.681,5.816,0.409,0.404,0.863,0.966,2.776,0.644,0.8,0.95,4.775,6.188,2.376,3.659,2.776,1.738,1.974,2.961,8.533,1.126,2.393,2.965
"2004-12",2.012,2.086,1.643,4.698,1.15,3.656,1.475,1.604,0.992,5.57,6.176,6.301,12.958,1.417,3.654,2.508,2.861,3.573,2.084,2.294,0.096,0.169,3.273,0.401,6.671,2.401,6.884,5.988,0.605,2.127,0.722,1.89,1.647,0.402,0.311,1.83,0.152,1.132,5.44,1.053,0.434,0.668,1.204,2.55,0.589,0.974,0.749,3.826,7.433,2.53,3.214,3.88,2.015,2.202,2.768,8.976,1.274,2.348,2.974
"2005-01",2.366,2.196,1.109,3.204,2.121,4.206,2.635,0.975,1.084,6.191,4.458,10.357,12.607,1.996,3.591,2.774,2.477,2.046,1.098,2.355,0.089,0.062,3.02,0.392,6.952,2.148,5.147,3.583,0.613,0.893,0.462,1.441,1.582,0.454,1.428,2.454,0.075,0.395,4.771,7.737,0.683,1.885,0.917,3.363,0.696,0.856,0.852,2.672,8.835,2.982,3.439,3.623,1.707,0.059,0.189,8.64,1.298,2.555,3.002
"2005-02",1.461,1.677,0.895,5.85,1.513,3.957,1.915,1.19,1.076,4.978,3.454,11.296,14.294,1.454,3.423,2.639,3.293,3.404,2.302,1.314,0.017,0.101,2.711,2.019,6.078,3.686,6.654,7.388,0.88,1.683,0.707,1.209,1.493,0.27,1.833,1.901,0.477,1.828,4.787,5.962,0.55,2.21,0.708,2.152,0.83,1.262,0.653,2.698,7.359,3.447,3.174,2.561,2.182,0.735,0.49,5.768,2.788,2.666,3.002
"2005-03",2.188,1.321,1.315,5.498,1.769,3.482,1.298,0.483,0.82,7.602,5.605,9.602,10.677,2.106,2.748,2.68,2.546,0.961,1.334,1.211,0.063,0.389,3.98,2.197,6.513,2.398,4.785,7.49,0.999,1.581,0.862,1.295,2.092,0.686,1.816,3.186,0.827,1.056,4.992,3.527,0.629,0.976,0.91,2.614,1.022,1.796,0.879,1.981,8.01,3.736,2.577,3.858,2.222,0.245,0.264,5.099,2.65,2.886,2.978
"2005-04",2.08,1.725,1.007,3.352,3.23,3.296,1.275,0.479,0.915,8.104,7.688,5.236,2.725,1.997,2.655,2.755,2.314,1.862,1.86,0.952,0.133,1.107,5.099,2.358,6.39,0.996,2.413,3.034,1.063,1.213,1.056,1.324,1.918,1.068,2.375,3.622,0.165,0.913,6.418,2.707,0.663,1.028,1.771,3.046,1.071,1.697,0.927,1.795,9.003,3.237,2,5.635,1.995,0.016,0.027,6.247,3.469,3.174,3.004
"2005-05",1.29,1.905,1.895,2.428,4.397,3.617,2.488,3.438,1.127,6.603,8.759,1.831,0.739,2.99,1.649,2.105,2.132,1.748,1.819,1.397,0.805,4.528,5.012,3.643,4.048,0.385,0.992,1.153,1.166,1.604,2.238,1.92,2.59,1.133,3.81,3.853,0.787,1.722,5.167,0.937,1.903,4.945,1.819,3.974,0.893,1.965,0.646,2.287,7.983,2.964,1.584,7.482,2.11,0.022,0.484,7.373,2.922,3.095,3.018
"2005-06",1.8,2.128,1.495,2.662,3.644,4.43,1.802,8.261,5.042,4.665,8.436,0.573,0.265,2.493,1.419,2.759,1.804,2.728,2.748,1.314,1.246,6.792,4.131,2.387,1.312,0.634,0.681,0.832,1.38,1.773,2.634,3.177,1.81,1.403,4.395,4.407,0.183,1.859,6.466,0.286,0.826,3.547,2.885,4.417,1.038,1.452,0.864,3.209,7.047,2.989,1.584,5.124,2.324,1.076,2.318,8.485,1.813,3.341,3.137
"2005-07",1.711,2.808,1.975,2.374,4.719,5.024,2.463,8.192,2.689,3.78,5.762,0.471,0.813,2.95,2.39,2.458,2.71,3.004,2.477,1.081,0.866,8.635,3.036,2.077,0.593,0.517,1.167,0.883,1.777,2.094,2.858,2.309,0.581,1.251,4.859,7.068,0.016,3.198,6.988,0.265,0.302,0.751,2.094,3.359,0.959,1.543,1.155,4.272,5.875,2.98,2.065,2.538,2.459,1.542,2.766,6.659,1.182,3.103,3.109
"2005-08",2.26,2.982,2.516,1.49,4.047,3.999,3.089,7.072,2.462,4.208,4.48,0.676,0.761,2.236,1.864,2.225,1.944,2.229,2.065,0.789,0.26,5.884,3.153,2.348,0.716,0.543,1.066,0.564,1.574,2.097,3.029,2.316,0.326,0.711,5.135,4.494,0.024,5.359,7.504,0.115,0.1,1.114,2.237,3.799,0.864,1.261,1.343,5.439,5.506,2.789,2.777,1.344,1.972,1.505,7.287,5.109,0.868,2.986,3.042
"2005-09",3.093,2.749,2.453,1.91,3.215,4.122,3.429,7.974,5.78,6.313,4.087,0.844,2.629,2.43,3.522,2.196,2.79,1.638,1.805,0.804,0.19,4.678,4.116,1.272,0.828,0.514,0.766,0.522,1.685,1.746,2.054,3.476,0.373,0.602,2.861,2.49,0.047,4.495,5.293,0.081,0.085,0.656,1.825,3.385,0.552,1.809,1.281,6.111,4.692,2.357,3.298,0.988,2.165,1.048,6.66,5.5,1.023,2.852,2.958
"2005-10",2.549,2.476,1.847,2.346,1.993,4.114,3.271,8.003,4.914,6.958,5.913,2.27,8.187,2.989,4.389,2.188,2.883,2.57,2.142,2.5,0.247,4.197,5.572,5.873,3.43,1.103,1.889,1.197,1.218,2.447,1.256,1.997,1.6,0.602,1.138,2.347,0.542,0.6,4.635,0.197,0.364,0.883,0.886,2.644,0.873,1.269,1.042,5.31,4.759,2.232,3.539,1.392,2.496,2.21,3.116,7.151,1.043,2.506,2.963
"2005-11",1.438,2.83,1.755,3.433,2.11,4.238,4.154,2.647,1.116,7.359,6.103,1.98,10.62,2.216,5.105,2.626,4.295,2.713,2.799,1.287,0.075,1.322,5.998,3.244,10.452,0.906,2.704,2.668,1.57,1.689,1.015,2.156,2.522,0.345,0.901,2.411,0.238,0.731,6.835,0.54,0.482,1.047,1.252,3.207,0.513,0.905,1.067,4.469,6.69,1.853,3.137,3.091,2.008,3.203,5.472,8.067,1.108,2.357,3.014
"2005-12",2.263,2.213,1.395,4.345,1.471,3.987,1.752,1.041,1.437,6.872,6.81,5.769,11.05,1.734,2.825,2.548,3.68,3.206,1.253,1.981,0.117,0.238,4.573,0.839,10.803,2.255,4.679,3.886,1.06,0.705,0.624,1.7,1.93,0.358,0.9,2.073,0.301,0.959,5.21,1.08,0.569,1.299,1.076,2.904,0.755,0.942,0.715,3.631,8.267,2.464,3.08,4.25,1.788,1.485,0.512,9.114,1.073,2.332,2.979
"2006-01",1.937,2.58,1.048,4.295,1.647,4.448,2.13,0.834,1.42,4.257,3.96,7.237,13.483,1.954,5.108,2.939,4.119,2.033,2.177,0.79,0.071,0.067,3.211,0.742,8.338,3.732,7.461,5.222,0.842,1.536,0.437,1.74,1.398,0.354,1.414,1.865,0.237,0.345,7.739,3.256,1.064,1.969,0.856,2.358,0.67,1.121,0.915,2.755,8.482,2.788,2.903,3.941,1.831,0.306,0.076,9.374,1.901,2.524,3.069
"2006-02",2.321,1.779,0.804,3.129,1.915,3.123,3.094,0.386,0.743,3.707,3.962,8.889,13.024,2.178,4.33,3.002,3.239,1.705,1.607,1.313,0.051,0.059,3.159,0.789,5.363,3.736,7.485,9.638,0.865,1.293,0.554,1.321,2.123,0.248,1.38,1.865,0.657,1.004,6.557,9.154,2.294,2.075,1.486,1.695,0.842,1.461,0.786,2.673,6.167,3.313,2.864,3.728,1.893,0.151,0.195,5.684,2.697,2.525,2.955
"2006-03",2.2,1.138,1.049,5.793,2.973,4.341,3.511,0.49,1.004,6.989,7.685,8.169,11.423,1.882,3.841,2.812,2.68,2.02,1.608,1.36,0.083,0.331,4.249,0.852,2.908,2.286,3.164,7.965,1.024,1.066,0.752,1.132,1.066,0.459,1.407,2.472,0.199,1.198,6.408,5.029,1.144,2.988,1.76,3.328,1.093,1.313,0.85,2.437,4.667,4.012,2.055,4.916,1.987,0.031,0.791,5.471,3.949,2.805,2.957
"2006-04",1.302,1.472,1.048,4.358,2.513,3.242,1.12,1.069,0.819,7.652,7.868,7.763,5.329,1.88,2.49,3.066,2.184,2.545,1.529,1.491,0.109,1.493,4.66,3.076,4.717,0.43,1.461,2.094,0.635,1.528,1.103,1.515,2.67,1.057,2.811,3.354,0.384,0.947,5.689,2.367,0.311,2.315,1.577,2.395,0.996,1.202,0.728,2.369,5.273,3.879,2.076,7.016,1.715,0.019,0.265,6.646,3.719,3.266,2.933
"2006-05",1.202,1.925,1.441,2.546,3.232,3.904,0.775,3.359,1.178,7.516,9.476,3.003,1.372,3.136,1.026,3.157,1.826,3.246,2.488,0.805,0.653,4.467,4.404,2.355,1.978,0.349,0.607,0.694,1.132,2.539,1.867,1.79,1.604,0.999,2.614,3.679,0.18,0.578,8.824,2.836,1.293,2.247,2.712,3.422,0.871,1.587,0.505,2.974,4.652,3.568,1.643,7.846,2.06,0.087,3.892,6.882,2.006,3.253,3.005
"2006-06",1.328,1.9,2.055,2.645,3.624,4.057,2.519,6.758,2.706,6.119,8.551,1.069,0.339,2.636,0.879,3.472,1.97,2.86,2.099,0.903,0.549,7.325,3.69,3.027,1.421,0.18,0.512,0.771,1.479,2.44,2.614,2.441,0.969,1.036,3.858,3.687,0.143,2.966,7.625,1.205,1.336,2.828,2.374,3.119,0.795,1.351,0.703,4.319,4.112,3.283,1.903,5.472,2.05,3.756,2.003,7.106,1.348,3.351,3.061
"2006-07",1.478,2.395,2.429,1.781,3.622,3.649,4.622,10.589,4.446,3.965,6.603,0.489,0.231,2.836,1.123,2.631,2.316,2.89,2.921,0.43,0.169,5.665,2.023,2.513,0.769,0.243,0.718,1.969,2.027,2.43,2.797,2.383,0.653,1.168,5.666,5.44,0.052,4.067,9.025,0.35,0.384,1.122,2.31,3.832,0.848,1.556,1.251,5.528,3.013,2.936,2.458,2.758,2.038,1.735,5.925,6.771,1.127,2.942,3.08
"2006-08",1.737,2.848,2.484,1.219,2.878,3.653,3.974,8.034,2.578,5.648,5.154,0.286,0.653,4.374,1.318,2.877,2.835,1.935,2.64,0.348,0.165,6.678,3.566,1.965,0.667,0.395,0.787,0.745,1.615,1.966,2.564,3.574,0.382,0.96,5.502,5.592,0.021,5.218,8.105,0.308,0.264,1.134,1.847,3.901,0.965,1.002,1.459,6.017,2.233,2.929,2.906,1.764,2.192,1.245,6.117,4.999,1.003,2.704,2.987
"2006-09",1.795,2.819,2.683,1.29,1.92,3.795,3.191,7.207,3.597,7.604,4.738,0.598,2.829,2.802,2.832,2.316,3.27,1.682,1.464,0.702,0.081,4.512,4.491,1.393,0.774,0.983,1.04,0.516,1.525,1.716,2.133,3.471,0.281,0.94,2.322,3.75,0.057,2.789,7.89,0.178,0.24,0.661,1.146,2.066,0.608,1.648,1.558,5.763,2.795,2.795,3.701,1.778,2.067,0.501,6.634,7.007,0.806,2.782,2.945
"2006-10",2.587,3.028,1.899,3.323,1.798,3.129,2.176,6.261,5.487,9.213,7.117,1.615,5.686,1.715,3.61,2.228,2.619,1.974,2.103,1.584,0.033,2.308,5.324,2.187,4.694,1.155,2.175,1.161,1.526,1.55,1.378,2.226,1.045,0.751,1.079,2.54,0.199,0.629,7.513,0.134,0.471,2.138,1.352,3.094,0.688,1.251,1.203,5.734,3.08,2.562,3.751,2.277,1.859,0.898,2.799,7.516,0.889,2.618,2.961
"2006-11",2.971,2.692,1.724,3.284,2.22,3.482,1.587,4.015,2.603,8.206,7.177,1.414,8.647,1.572,4.083,2.183,2.921,2.882,2.117,2.24,0.04,0.904,4.271,0.749,3.723,2.208,4.056,2.235,1.317,1.217,0.848,2.408,1.73,0.382,1.098,1.17,0.192,1.111,8.232,0.751,0.882,2.363,1.104,2.401,0.583,1.204,0.804,4.842,4.314,2.357,3.012,4.18,1.608,3.063,4.452,9.728,0.96,2.456,2.946
"2006-12",1.552,2.466,1.756,3.988,2.957,5.034,3.374,1.746,1.179,6.621,7.303,3.678,11.816,1.293,5.976,2.182,3.164,2.912,1.951,1.694,0.082,0.102,3.538,0.463,5.033,2.217,5.553,5.044,0.822,1.312,0.356,1.965,2.121,0.342,0.333,1.731,0.35,0.325,7.146,1.778,0.831,2.447,1.111,2.47,0.601,0.937,0.726,4.306,5.681,3.039,3.03,4.62,1.579,0.65,1.968,8.314,1.371,2.424,3.022
"2007-01",2.349,1.449,1.152,5.625,1.877,3.64,1.543,1.216,1.318,6.604,5.206,7.516,12.274,1.682,4.657,2.762,2.516,2.184,1.711,2.219,0.071,0.048,3.143,0.08,5.1,2.95,5.999,7.739,0.664,1.019,0.416,1.57,1.741,0.66,0.569,1.824,0.085,0.052,8.634,7.341,3.04,1.981,1.661,1.809,0.58,1.004,0.782,2.846,5.586,3.066,2.87,4.129,1.725,0.242,0.276,9.43,1.963,2.614,2.997
"2007-02",1.603,1.852,1.1,3.822,1.72,3.888,2.663,1.291,0.8,7.264,5.672,7.399,10.748,1.345,3.643,2.092,3.663,3.462,1.771,1.131,0.054,0.045,2.996,0.206,3.869,3.664,6.691,9.068,0.825,1.133,0.605,1.292,1.283,0.398,0.849,1.79,0.254,0.329,8.809,7.686,2.918,3.909,1.395,3.609,0.979,1.104,0.625,2.651,5.758,3.693,2.828,3.441,1.787,0.097,0.263,6.326,1.744,2.654,3.013
"2007-03",1.399,1.7,0.981,2.597,2.331,3.073,1.75,0.513,0.524,6.128,4.942,9.815,13.291,1.804,3.512,2.558,2.598,2.847,2,1.421,0.02,0.405,3.672,0.877,3.658,2.97,5.078,5.408,0.643,1.188,0.81,1.776,1.801,0.94,1.368,2.318,0.187,0.241,7.806,6.368,1.185,0.504,1.517,2.526,1.019,1.657,0.659,2.291,5.58,3.97,2.461,4.016,2,0.03,0.153,4.685,3.124,2.881,2.948
"2007-04",1.808,1.99,1.218,3.869,2.992,3.979,0.783,0.287,0.276,7.004,6.924,5.401,6.975,2.638,3.071,2.678,2.268,1.846,1.592,0.979,0.166,1.792,4.936,1.109,2.476,0.92,2.746,4.161,0.815,1.765,0.845,1.195,2.055,0.965,2.766,2.839,0.166,0.838,7.817,2.303,0.214,0.208,1.559,2.75,1.182,1.849,0.88,2.02,6.211,4.255,1.605,6.29,2.105,0.064,0.646,6.033,3.199,3.109,2.973
"2007-05",1.366,1.314,1.305,2.613,3.401,3.924,2.044,1.77,0.599,7.119,7.303,2.286,0.984,3.365,1.367,3.193,2.095,2.7,2.399,1.123,0.304,4.116,4.998,3.291,5.48,0.42,0.849,1.357,1.235,1.746,1.824,2.456,2.032,1.275,2.665,3.905,0.163,0.859,7.3,0.35,0.06,0.792,1.411,3.438,0.887,1.646,0.815,2.752,5.232,3.617,1.449,8.292,2.246,0.056,3.567,7.643,2.012,3.335,2.952
"2007-06",1.883,2.201,2.289,2.987,3.86,3.351,2.711,7.348,2.829,3.563,7.638,0.994,0.227,3.792,1.186,2.963,1.653,2.773,2.484,1.639,0.524,6.449,3.892,2.481,1.757,0.606,1.486,1.727,1.802,2.434,2.646,2.033,0.952,1.163,3.34,4.386,0.16,2.778,7.494,0.459,0.262,1.613,1.932,3.336,1.02,1.559,0.892,4.527,4.326,3.187,1.557,7.528,2.224,2.984,3.072,5.929,1.491,3.026,3.065
"2007-07",1.344,2.68,2.592,1.747,3.189,4.003,3.295,9.627,3.367,3.323,6.086,0.532,0.256,2.674,1.27,2.737,2.247,2.941,2.193,0.595,0.263,7.682,3.103,2.685,0.855,0.715,0.471,0.539,2.189,2.312,3.608,2.157,0.572,1.201,5.665,6.268,0.039,6.322,7.294,0.155,0.145,0.917,2.7,4.079,0.805,1.289,1.145,4.509,3.996,2.959,2.518,3.375,1.984,4.015,5.03,5.894,1.28,3.113,3.059
"2007-08",1.743,2.986,2.418,1.224,2.673,4.203,2.169,8.571,2.454,4.996,4.552,0.44,0.518,2.873,2.131,2.294,3.283,2.541,1.852,0.32,0.224,7.694,2.961,1.916,0.673,0.276,0.447,0.718,2.228,1.497,3.351,2.165,0.223,0.89,5.781,5.838,0.03,5.334,6.361,0.198,0.325,1.672,1.82,3.956,0.986,1.712,1.394,5.681,3.4,2.834,3.035,1.537,2.195,2.351,10.144,3.993,0.94,2.788,2.965
"2007-09",2.508,3.12,2.373,1.458,2.174,3.793,3.18,6.37,4.631,6.642,3.694,0.392,2.631,3.667,2.797,2.864,2.337,1.863,1.311,1.656,0.11,5.493,4.435,2.381,1.513,0.48,0.942,0.558,1.949,1.038,2.409,2.324,0.424,0.683,2.752,3.512,0.049,2.695,6.69,0.117,0.146,0.858,1.061,2.704,0.541,1.495,1.461,5.559,4.502,2.592,4.075,1.574,2.084,1.065,5.697,5.011,0.831,2.734,2.938
"2007-10",3.124,3.117,1.93,3.148,2.645,3.282,1.14,5.891,4.343,9.011,4.432,0.33,3.466,1.805,3.687,1.946,2.517,2.849,1.349,2.292,0.224,5.034,7.205,6.392,6.671,1.056,2.382,2.193,1.286,1.642,1.688,3.2,1.107,0.608,1.125,2.177,0.123,1.062,5.39,0.086,0.218,1.234,1.166,2.917,0.619,1.243,1.372,5.459,4.306,2.485,3.75,1.962,1.784,2.918,4.619,3.935,0.958,2.597,2.925
"2007-11",2.737,2.165,1.545,4.489,1.737,3.183,2.197,3.789,2.987,8.994,5.535,2.252,7.773,1.649,3.406,2.326,2.517,2.081,2.25,3.468,0.201,2.456,5.971,2.745,7.693,1.353,4.771,4.002,1.031,2.051,0.878,3.208,2.467,0.706,0.815,2.528,0.375,0.684,6.106,0.431,0.267,1.007,0.753,2.479,0.719,1.201,0.956,4.464,4.958,2.497,3.805,3.334,2.214,3.473,3.897,5.527,1.419,2.506,2.974
"2007-12",2.261,2.585,1.288,2.609,1.712,4.402,3.288,1.448,1.223,8.579,6.359,5.036,8.8,1.364,4.491,1.908,3.096,2.145,1.696,2.403,0.061,0.133,3.63,1.508,10.634,3.569,5.282,6.828,0.752,1.528,0.553,1.605,1.946,0.41,0.927,2.425,0.383,0.287,5.653,0.763,0.736,0.993,0.951,2.551,0.59,1.108,0.811,3.902,7.546,2.484,3.434,3.609,1.978,0.894,2.148,8.475,1.385,2.294,3.008
"2008-01",2.288,2.609,1.077,2.874,2.259,3.714,2.993,1.031,1.582,5.314,4.292,7.764,13.597,2.073,4.117,3.062,3.54,1.91,1.728,1.907,0.121,0.041,2.474,0.448,7.648,4.499,5.354,8.197,0.865,1.18,0.544,1.043,2.053,0.518,1.069,2.144,0.27,0.628,6.373,2.825,1,0.701,1.737,3.38,0.625,1.165,0.921,2.68,9.323,2.939,3.193,3.382,1.781,0.32,0.334,7.481,2.309,2.383,3.068
"2008-02",2.107,1.281,1.212,6.249,1.878,4.662,2.111,0.566,1.27,6.246,6.007,5.806,12.77,1.389,4.566,2.79,2.581,1.957,1.235,1.513,0.078,0.032,3.065,0.864,4.475,3.692,5.751,5.37,0.747,1.662,0.68,1.477,1.569,0.396,1.351,2.34,1.018,0.772,5.673,9.15,2.135,2.195,1.089,2.4,0.84,1.165,0.811,2.29,7.394,3.378,2.803,3.436,2.039,0.053,0.261,6.062,2.405,2.605,2.971
"2008-03",2.183,1.237,0.772,4.477,2.246,3.476,1.715,0.611,1.051,8.091,7.928,7.72,9.486,1.876,2.206,2.886,2.253,2.702,2.403,1.484,0.055,0.492,4.129,1.271,3.882,1.667,4.941,7.812,0.818,1.71,0.991,1.028,1.54,0.635,1.63,2.246,0.317,0.898,6.074,6.223,0.852,1.504,1.081,2.738,0.986,1.578,0.592,2.329,6.771,3.789,2.516,5.035,1.898,0.044,0.1,5.58,3.184,2.941,3.003
"2008-04",1.069,1.12,1.384,3.607,3.662,3.588,1.873,1.381,1.305,8.279,6.937,4.394,2.915,3.572,1.66,3.15,1.865,3.042,2.018,1.668,0.059,1.333,5.601,4.648,6.611,0.88,1.512,2.457,0.645,1.407,1.297,2.55,1.698,0.887,2.171,2.964,0.322,1.611,6.592,1.916,0.311,1.416,1.51,2.773,0.92,1.822,0.532,1.714,8.116,3.563,2.293,5.25,1.584,0.031,0.113,5.605,2.731,3.044,2.927
"2008-05",1.262,1.489,1.387,4.255,4.002,4.472,0.771,2.577,2.18,5.636,8.38,1.33,0.619,3.112,1.829,3.013,1.192,3.177,2.307,1.23,0.387,3.61,4.355,3.983,5.162,0.46,0.732,1.109,1.376,1.813,1.47,1.581,1.661,1.26,3.784,3.026,0.417,1.28,6.725,0.558,0.406,1.515,2.672,3.955,1.106,1.479,0.583,2.342,7.634,3.341,1.839,8.281,1.844,0.115,1.32,7.998,2.315,3.317,3.037
"2008-06",1.205,2.345,1.704,2.931,4.446,3.916,1.913,10.257,4.469,5.304,7.782,0.295,0.154,6.02,0.984,3.169,2.006,2.859,2.998,0.879,0.736,7.432,4.057,2.51,3.023,0.736,0.846,1.229,1.624,1.203,3.226,2.409,1.095,0.749,3.766,5.618,0.1,1.675,6.06,0.488,0.337,1.917,2.585,4.231,0.819,1.381,0.823,3.353,6.702,2.908,1.739,6.195,2.641,1.142,0.85,6.286,1.464,2.963,3.067
"2008-07",1.429,2.552,2.225,1.773,3.475,4.535,3.254,9.367,6.568,3.498,5.929,0.329,0.283,3.648,1.664,2.563,2.622,3.094,2.844,0.514,0.233,6.955,2.558,2.465,0.682,0.551,0.269,0.541,1.92,2.401,3.598,3.018,0.551,1.113,4.888,5.658,0.015,5.602,7.622,0.185,0.222,1.054,2.389,4.272,0.87,1.587,1.384,4.556,4.78,3.083,2.649,3.011,2.126,3.247,6.717,5.258,0.907,3.109,3.112
"2008-08",2.493,2.91,2.805,1.713,3.207,4.23,4.379,11.044,5.871,5.86,4.068,0.312,1.899,3.067,2.384,2.436,2.785,2.652,1.373,0.529,0.152,5.633,2.881,1.609,0.741,0.442,0.72,0.923,1.764,1.772,3.327,2.315,0.325,0.875,4.551,4.358,0.012,6.318,6.874,0.13,0.124,0.401,2.208,4.03,0.883,1.348,1.076,5.398,4.346,2.923,3.2,1.622,2.848,2.774,9.614,3.007,0.824,2.823,3.057
"2008-09",1.994,2.933,2.249,0.796,2.657,3.832,5.244,10.137,3.946,6.813,4.41,0.349,2.044,2.918,1.966,2.491,3.536,2.689,1.586,0.761,0.183,5.734,4.069,1.764,1.293,0.24,0.264,0.299,1.48,1.535,2.549,2.969,0.39,0.51,3.148,2.533,0.088,4.733,5.907,0.076,0.058,0.212,1.541,3.089,0.766,1.502,1.261,5.86,4.492,2.509,3.464,1.802,2.259,1.84,7.27,4.336,0.741,2.598,2.93
"2008-10",2.799,3.142,1.96,1.575,1.815,3.565,2.179,6.633,6.073,8.92,4.936,0.661,4.365,1.175,2.475,1.615,3.099,2.701,1.321,2.1,0.245,4.188,6.577,6.769,4.837,0.837,1.034,1.494,1.737,1.096,1.46,1.991,1.244,0.516,1.164,1.978,0.509,2.692,5.167,0.109,0.218,0.263,1.201,2.221,0.886,0.943,1.46,5.008,4.393,2.33,4.058,1.685,2.271,4.944,9.992,5.039,1.357,2.51,2.915
"2008-11",1.9,2.604,1.666,3.074,1.986,3.816,3.467,4.261,1.637,8.627,7.33,1.607,8.354,1.325,4.681,2.594,4.032,2.974,1.822,1.66,0.074,1.454,5.759,2.757,8.972,1.495,2.582,2.436,1.168,1.161,1.059,2.463,2.847,0.531,1.111,2.24,0.556,1.199,6.297,0.15,0.218,0.677,0.835,2.402,0.699,0.77,1.174,4.692,5.801,2.562,3.399,3.702,1.787,1.95,6.934,5.86,1.292,2.497,3.012
"2008-12",2.296,2.106,1.318,4.603,1.185,3.528,1.437,1.723,1.895,5.694,5.967,6.393,12.506,1.949,5.178,3.154,2.99,1.984,1.752,2.533,0.144,0.285,4.809,0.902,11.8,2.37,5.641,4.175,0.764,1.578,0.607,1.703,1.638,0.304,1.617,1.785,0.431,0.959,4.965,0.993,0.675,1.252,1.038,2.426,0.656,1.005,0.99,3.616,6.932,2.748,3.251,4.469,1.775,0.61,2.071,8.621,1.643,2.307,2.972
"2009-01",2.583,2.22,0.944,3.283,1.574,2.948,3.827,0.828,1.187,5.07,5.079,9.095,15.03,1.251,3.063,2.232,3.41,1.403,1.54,1.642,0.042,0.01,3.635,0.325,7.906,4.332,6.648,6.437,0.806,1.286,0.555,1.202,1.672,0.313,1.38,2.256,0.175,0.373,6.06,5.112,1.789,2.021,0.598,3.006,0.706,0.938,0.729,2.782,8.03,3.176,3.146,4.182,1.911,0.146,0.565,8.729,1.766,2.417,3.05
"2009-02",2.248,1.761,1.212,4.8,1.51,4.23,2.007,0.618,1.958,4.813,4.077,8.905,12.317,2.025,2.53,2.253,2.418,2.11,1.232,1.902,0.141,0.086,2.481,1.357,5.153,3.605,6.705,7.071,0.412,1.03,0.349,1.512,1.973,0.315,1.232,2.26,0.368,0.728,4.351,5.488,2.629,1.194,1.065,2.683,0.801,1.464,0.663,2.658,6.244,4.307,2.921,3.724,2.059,0.312,0.139,6.069,3.432,2.642,2.991
"2009-03",2.067,2.111,1.133,2.209,2.209,2.903,2.016,0.442,0.549,6.661,5.654,7.422,10.048,2.069,4.017,2.488,2.244,2.389,1.611,2.013,0.125,0.463,5.685,0.933,4.078,1.968,3.11,4.308,0.396,1.134,0.622,1.556,2.866,0.631,3.019,2.836,0.235,0.698,5.072,4.532,0.48,0.297,0.835,2.059,1.174,1.582,0.66,1.839,7.619,3.968,2.456,4.617,1.865,0.117,0.111,6.15,3.936,3.047,2.99
"2009-04",1.47,1.458,1.343,4.136,2.855,3.365,0.53,0.53,0.611,7.573,6.762,5.996,5.328,3.482,3.146,3.131,1.892,3.723,2.082,1.248,0.056,1.111,5.162,2.69,3.895,0.597,2.347,3.279,0.676,1.54,1.429,1.734,1.92,1.08,2.512,2.726,0.603,0.773,6.648,0.93,0.192,1.28,1.366,2.469,1.041,2.209,0.632,2.052,7.522,3.493,1.914,7.064,2.009,0.061,0.174,5.494,4.079,3.268,2.995
"2009-05",1.455,0.843,1.751,3.624,3.194,3.725,1.398,3.848,1.752,6.965,6.4,2.139,1.655,3.314,3.047,1.918,1.681,3.108,2.976,1.032,0.229,3.094,4.006,3.047,4.793,0.402,0.653,1.028,1.314,1.193,1.423,1.821,2.113,1.723,3.225,3.761,0.06,1.242,5.908,0.728,0.206,2.194,1.411,3.322,0.893,1.605,0.647,2.37,6.777,3.312,1.337,8.963,2.571,0.053,1.623,8.279,2.142,3.403,2.962
"2009-06",1.714,2.19,1.661,2.712,4.741,3.884,2.394,7.786,2.721,6.106,6.533,0.61,0.304,4.039,1.943,2.447,1.665,3.693,2.511,0.855,0.613,6.274,3.961,3.211,1.157,0.298,0.787,0.641,1.314,2.19,2.461,2.312,1.291,1.293,3.359,4.68,0.264,1.603,6.676,0.408,0.741,4.047,2.821,4.057,0.826,1.403,1.009,3.539,5.155,3.027,1.714,7.03,2.284,2.241,6.857,9.955,1.773,3.284,3.1
"2009-07",1.258,2.567,2.695,1.97,2.544,3.092,3.446,10.138,5.878,5.808,6.048,0.356,0.585,3.647,2.09,2.465,2.247,3.104,2.282,0.806,0.396,7.089,2.262,1.645,0.501,0.619,0.521,0.717,1.909,2.119,3.124,2.499,0.776,1.335,4.371,5.694,0.02,2.441,6.668,0.24,0.23,0.828,2.538,3.717,0.952,1.63,1.024,4.698,5.647,3.011,2.388,2.886,2.352,1.628,1.792,6.84,0.952,2.989,3.085
"2009-08",1.796,2.778,2.58,1.519,3.247,4.128,3.392,9.427,4.239,5.46,5.166,0.418,0.343,2.899,1.485,2.684,2.534,2.766,2.309,0.519,0.142,6.166,3.349,2.701,0.848,0.346,0.432,0.508,1.776,1.527,2.974,2.673,0.275,0.701,5.392,5.746,0.051,5.766,7.813,0.19,0.158,0.334,1.601,2.362,0.664,1.946,1.614,4.802,4.324,2.579,2.904,2.01,1.844,2.504,8.955,8.196,0.825,2.98,3.031
"2009-09",2.356,2.511,2.813,2.406,2.106,3.285,3.414,8.769,4.966,6.773,4.598,0.325,1.895,1.954,1.681,2.148,3.238,2.966,1.392,0.554,0.095,4.701,3.786,1.431,0.773,0.401,0.561,0.619,1.548,1.134,2.105,2.973,0.295,1.321,2.261,6.192,0.012,3.852,6.872,0.116,0.371,1.323,1.523,2.941,0.79,0.831,1.887,5.617,4.06,2.271,3.544,1.722,2.019,0.945,5.807,6.642,0.785,2.68,2.937
"2009-10",2.244,2.874,1.876,1.007,2.482,4.137,2.353,6.956,4.817,8.182,4.638,0.569,5.058,2.87,3.734,2.491,3.433,2.257,1.857,1.306,0.054,2.879,5.643,4.305,5.464,1.075,1.434,1.954,2.049,1.903,1.399,1.683,0.62,0.706,1.183,1.865,0.249,1.048,4.606,0.146,0.158,0.552,1.211,3.038,0.755,1.338,1.31,5.136,4.781,2.346,3.633,2.021,2.489,2.135,2.001,8.873,0.893,2.652,2.919
"2009-11",1.822,2.515,1.874,3.81,1.753,4.236,1.054,3.643,1.904,9.007,8.385,2.517,8.874,1.631,3.823,2.208,3.648,3.037,1.945,2.389,0.045,0.733,5.687,1.98,9.784,1.761,2.698,1.183,1.412,1.01,0.841,2.432,1.593,0.276,1.284,1.959,0.285,1.047,7.086,0.413,0.28,1.294,0.942,3.627,0.608,1,0.884,4.231,5.655,2.317,3.185,3.329,1.613,1.499,3.573,8.868,0.834,2.431,2.944
"2009-12",3.121,2.24,1.121,4.998,1.323,4.443,0.425,2.275,1.76,6.12,6.214,5.991,12.022,1.764,3.929,3.041,2.171,1.431,1.637,2.141,0.109,0.158,3.332,1.511,9.23,2.888,5.806,5.085,0.884,1.632,0.748,1.312,1.822,0.25,0.913,2.374,0.9,0.843,6.432,1.964,0.425,1.98,1.013,2.46,0.626,1.032,0.998,3.5,6.606,2.766,3.267,5.061,1.536,1.112,0.922,9.452,1.168,2.289,2.98
"2010-01",1.798,1.828,0.723,3.493,1.286,4.005,1.98,0.731,0.936,5.608,3.868,6.149,11.67,2.224,5.218,2.976,2.784,3.072,1.582,2.177,0.018,0.005,2.357,0.261,5.368,2.529,7.856,12.127,0.468,1.315,0.431,1.825,1.502,0.316,0.377,1.807,0.168,0.134,7.313,5.944,1.429,2.824,1.064,1.549,0.619,1.106,0.716,2.92,7.184,2.882,3.069,3.07,1.791,0.236,0.637,8.955,2.112,2.489,2.965
"2010-02",1.911,1.703,1.036,2.643,1.81,4.682,2.141,0.573,1.891,7.495,5.596,5.914,10.679,2.289,4.55,2.852,2.154,2.687,1.616,1.81,0.121,0.122,3.538,0.295,3.8,1.814,3.585,9.511,0.625,1.279,0.417,1.739,1.919,0.622,0.705,1.982,0.357,0.105,6.312,6.681,2.608,1.338,2.048,2.142,0.859,1.052,0.72,2.637,6.795,4.009,3.118,3.388,1.514,0.226,0.088,6.429,3.226,2.746,3.033
"2010-03",1.691,1.589,1.153,4.211,1.834,3.283,2.924,0.91,1.1,7.561,7.151,8.841,9.486,2.3,2.564,3.124,2.537,3.233,2.581,1.638,0.053,0.558,4.107,1.858,4.59,2.888,2.099,4.224,0.523,2.105,1.028,2.092,1.829,0.608,1.525,2.224,0.225,0.605,6.837,6.827,2.155,4.675,1.462,2.765,1.024,1.784,0.702,2.181,4.857,4.159,2.511,2.977,2.045,0.035,0.066,5.66,3.187,2.909,2.957
"2010-04",1.405,1.692,1.619,2.702,2.158,3.041,0.521,0.447,0.853,6.715,9.055,4.973,4.321,2.834,1.603,3.243,1.803,2.925,2.267,1.323,0.049,1.717,5.081,0.92,4.442,0.967,2.718,2.981,0.642,1.421,1.162,1.999,1.474,1.217,2.952,2.792,0.16,0.643,7.611,5.416,0.417,0.663,1.329,3.148,0.957,1.594,0.636,1.931,6.801,3.532,1.829,7.116,1.887,0.065,0.783,5.308,2.54,3.105,2.904
"2010-05",0.994,2.068,1.466,2.458,2.941,2.843,1.971,2.729,1.352,7.538,7.829,2.272,2.937,3.611,2.132,2.877,1.618,3.307,2.164,1.333,0.213,5.671,4.077,3.144,3.169,0.263,0.379,1.132,1.13,1.399,1.606,1.521,1.96,1.332,2.166,4.05,0.211,0.7,8.42,0.588,0.115,3.112,0.926,2.778,0.921,1.577,0.617,2.664,5.005,3.849,1.812,6.651,2.419,0.068,1.808,8.358,1.862,3.09,2.959
"2010-06",1.198,2.145,1.995,1.914,2.492,4.137,2.474,9.745,4.973,6.007,9.773,0.762,0.573,3.635,1.792,2.617,2.749,2.607,2.846,0.495,0.22,6.349,3.265,2.456,1.35,0.68,0.75,0.642,1.333,2.421,2.513,2.465,1.013,1.086,3.935,5.234,0.051,1.693,7.782,0.47,0.479,1.623,1.851,4.424,0.772,1.669,0.623,3.517,4.17,3.008,2.266,4.408,2.723,3.297,1.615,8.139,1.763,3.106,3.028
"2010-07",1.942,2.961,2.391,1.558,2.707,3.877,3.836,9.539,4.089,4.596,6.312,0.336,0.48,3.401,1.528,2.512,2.466,2.752,1.807,0.657,0.27,7.077,2.836,2.545,0.939,0.338,0.403,0.697,2.042,2.437,2.607,2.758,0.453,1.187,5.916,6.829,0.065,5.98,8.79,0.284,0.193,2.217,1.531,3.161,0.577,1.495,0.964,4.226,3.612,3.072,2.715,2.281,2.328,3.652,4.833,6.548,1.073,3,3.049
"2010-08",2.037,2.74,2.495,0.99,1.539,4.2,3.363,9.215,4.145,4.262,6.163,0.371,0.276,1.589,0.816,2.314,2.695,2.859,2.497,0.324,0.292,6.278,3.088,3.012,1.145,0.163,0.368,1.079,2.054,1.826,2.666,2.071,0.261,0.78,5.886,6.785,0.198,6.461,7.046,0.149,0.358,1.3,2.119,3.079,0.98,1.309,1.379,4.844,2.818,2.894,2.945,1.887,1.893,3.048,7.104,9.037,0.968,2.916,2.993
"2010-09",2.785,2.725,2.451,1.38,0.961,3.159,2.062,8.094,4.763,6.025,4.699,0.358,1.719,2.035,1.705,2.195,2.421,2.425,1.899,0.656,0.149,5.946,4.485,2.549,0.825,0.293,0.33,0.504,1.561,1.753,2.168,3.571,0.223,0.34,2.893,4.28,0.481,5.708,8.568,0.109,0.327,0.976,2.578,3.744,0.867,1.353,1.544,5.174,2.685,2.384,3.659,1.827,1.97,2.69,11.193,5.905,1.178,2.69,2.917
"2010-10",2.39,2.574,2,2.942,1.838,2.906,1.46,9.395,5.974,10.078,6.397,0.938,5.864,1.318,2.543,2.047,2.951,2.264,2.443,1.318,0.02,2.277,4.711,2.051,1.649,0.476,0.859,0.702,1.346,1.473,1.308,2.171,0.529,0.126,1.713,2.267,0.409,2.795,8.277,0.333,0.72,2.468,1.515,3.484,0.778,1.435,1.179,5.361,2.51,2.289,3.574,2.559,1.546,1.205,9.522,9.403,0.958,2.619,2.908
"2010-11",2.146,2.645,1.633,3.559,1.808,3.928,1.091,5.158,3.409,7.798,8.736,3.443,9.631,1.841,2.996,2.675,3.29,3.475,2.792,1.751,0.04,1.001,4.738,0.167,2.673,1.928,2.53,1.741,0.95,1.847,0.919,2.457,0.971,0.282,0.368,1.753,0.032,1.441,9.405,0.853,0.987,2.846,0.98,2.86,0.692,0.741,0.976,5.117,2.437,2.785,3.271,4.349,1.718,0.98,11.391,7.79,0.918,2.379,2.951
"2010-12",2.564,2.444,1.761,3.706,1.139,4.021,0.986,1.551,1.09,4.428,6.202,10.124,12.392,1.744,2.894,2.783,2.732,1.937,1.638,1.986,0.102,0.177,4.178,0.356,5.609,3.682,5.523,5.202,0.754,1.518,0.738,1.718,1.697,0.452,0.457,2.411,0.16,0.222,8.668,3.114,1.379,2.801,1.733,3.094,0.665,0.833,0.665,4.276,2.944,2.944,3.07,6.067,1.734,0.565,1.001,9.228,1.336,2.262,2.957
"2011-01",2.531,2.378,1.102,3.257,1.521,2.143,1.783,1.267,1.087,4.805,4.529,11.85,13.361,2.402,3.393,2.945,2.44,2.246,1.418,2.278,0.014,0.032,3.142,0.249,4.989,3.302,6.606,5.874,0.544,1.052,0.505,1.859,1.004,0.285,1.247,2.115,0.043,0.233,7.939,7.749,1.551,1.378,1.192,2.55,0.609,0.898,0.723,4.075,2.891,3.578,2.951,4.59,1.631,0.234,0.342,10.755,1.63,2.419,2.986
"2011-02",2.452,2.616,1.073,1.518,1.388,3.502,1.042,0.844,1.089,4.811,4.798,11.01,12.635,2.157,3.331,2.505,2.717,2.474,1.508,2.111,0.038,0.174,3.227,0.688,4.326,3.815,6.69,6.788,0.461,1.242,0.494,1.799,1.546,0.268,1.6,1.781,0.602,0.769,8.233,5.878,1.867,1.797,1.405,2.994,0.807,1.582,0.586,3.378,3.466,3.94,2.47,4.701,2.083,0.317,0.157,5.996,2.859,2.727,2.993
"2011-03",1.436,1.89,1.506,3.267,1.921,2.662,1.753,0.439,1.025,6.323,6.695,9.515,9.805,1.629,2.847,3.17,1.964,2.294,1.675,1.982,0.078,0.747,4.713,2.131,5.117,3.488,4.547,3.878,0.611,1.677,0.792,1.962,1.927,0.654,1.617,2.555,0.337,0.55,6.327,4.68,0.917,3.106,1.18,3.225,1.094,1.671,0.495,3.008,3.389,4.041,2.499,5.411,1.704,0.069,0.313,6.23,2.221,2.818,2.891
"2011-04",1.666,1.775,1.283,3.556,3.056,3.207,0.924,2.11,0.45,7.22,9.407,6.524,4.203,1.869,1.702,2.764,2.053,2.637,1.706,1.049,0.046,1.412,5.439,1.93,4.149,1.925,2.324,1.756,0.749,1.723,1.369,2.084,1.574,1.301,1.629,2.84,0.031,0.36,7.663,2.541,0.429,1.117,1.475,4.084,1.076,1.534,0.703,3.037,3.202,3.986,1.891,6.337,1.998,0.158,1.886,5.285,2.899,3.051,2.879
"2011-05",1.168,1.596,1.675,2.69,3.781,3.721,1.509,3.682,1.208,6.67,8.03,2.255,0.429,2.427,0.491,3.369,1.993,3.129,1.484,1.216,0.402,4.16,4.395,3.208,3.466,0.481,1.549,2.724,0.933,2.113,1.632,2.089,1.635,1.243,3.104,3.575,0.421,0.827,6.778,0.945,1.171,0.593,3.131,5.015,1.032,1.631,0.671,3.624,3.046,3.746,1.674,8.986,2.203,0.245,3.653,7.031,2.409,3.031,2.946
"2011-06",1.423,2.449,2.371,1.572,4.04,4.897,2.076,9.102,4.19,5.21,9.067,1.066,0.251,3.354,0.591,2.932,1.733,3.04,1.614,1.339,0.292,6.214,3.316,1.848,1.342,0.574,0.859,1.307,1.366,2.367,2.659,1.972,0.906,1.436,3.313,5.01,0.047,3.207,7.325,1.984,0.771,3.661,1.686,3.984,0.742,1.58,0.881,3.939,2.777,3.46,1.485,8.536,2.344,3.352,2.648,7.075,1.629,3.22,3.054
"2011-07",1.493,2.985,2.419,1.727,2.181,4.644,2.726,10.383,3.194,4.827,8.236,0.764,0.221,3.129,0.906,2.859,2.31,3.411,2.387,0.361,0.171,6.725,2.732,2.248,0.596,0.273,0.793,1.039,1.889,2.335,2.517,3.252,0.429,1.066,6.564,6.088,0.005,5.504,7.231,0.333,0.408,1.45,2.205,3.59,0.705,1.794,1.013,4.907,3.001,3.113,2.164,5.302,1.915,2.831,5.811,6.747,1.32,3.112,3.088
"2011-08",1.647,2.51,2.554,0.687,2.106,3.931,2.965,8.589,3.315,6.059,6.628,0.368,0.576,3.013,1.741,2.603,2.355,2.146,1.96,0.251,0.126,6.982,2.901,2.229,0.687,0.501,0.71,0.534,2.11,1.326,3.728,1.821,0.274,0.746,5.236,5.842,0.047,6.175,7.827,0.257,0.177,1.397,1.487,4.029,0.983,1.179,1.576,5.452,2.357,2.718,2.456,2.775,2.118,2.753,8.559,8.662,0.806,2.818,2.997
"2011-09",2.332,2.879,2.379,1.468,2.443,4.005,3.865,7.626,4.455,6.789,5.633,0.373,1.02,1.985,1.315,2.426,3.52,2.21,1.608,0.477,0.04,4.645,4.283,1.458,0.777,0.661,1.058,0.719,2.23,0.925,2.164,3.111,0.352,0.533,4.112,2.998,0.045,4.699,7.688,0.164,0.116,0.522,1.228,2.321,0.685,1.327,1.595,5.784,2.426,2.536,3.379,2.479,2.149,1.556,9.684,6.236,0.812,2.824,2.908
"2011-10",2.695,2.932,2.218,2.61,1.368,4.024,2.472,6.042,4.908,8.015,5.223,0.935,6.698,2.095,2.762,2.713,3.289,3.581,2.235,1.264,0.079,2.552,4.266,1.15,2.767,1.018,1.775,0.999,1.487,1.048,1.195,2.553,0.387,0.4,0.946,2.57,0.01,2.626,6.894,0.376,1.069,2.369,1.391,3.116,0.645,1.067,1.01,5.21,3.169,2.666,3.607,2.007,2.126,0.671,8.16,7.635,1.039,2.62,2.896
"2011-11",1.873,2.637,1.995,3.423,3.051,4.082,2.088,3.587,3.01,8.022,7.798,3.278,9.794,1.311,3.04,2.453,3.799,1.788,2.12,1.276,0.101,1.112,5.13,0.922,5.615,2.541,3.591,3.387,1.114,1.803,1.03,2.15,1.486,0.391,1.216,1.963,0.514,1.456,7.102,0.529,0.234,0.84,0.845,2.871,0.685,0.871,0.994,5.091,4.327,2.529,3.428,3.677,1.609,1.35,5.25,7.483,1.018,2.409,2.959
"2011-12",2.366,1.615,1.122,4.979,1.45,3.515,2.245,1.446,1.253,5.517,6.484,6.668,12.727,1.374,3.543,2.434,3.714,2.601,1.572,2.636,0.097,0.113,3.713,0.689,6.609,2.309,5.768,5.167,0.945,1.338,0.694,2.265,2.499,0.331,0.776,1.856,0.557,0.381,5.925,1.543,1.03,3.244,1.049,2.504,0.569,1.026,0.957,3.831,4.997,2.833,3.138,5.052,1.545,0.288,0.879,12.158,1.541,2.317,2.951
"2012-01",2.613,2.098,1.595,3.714,1.488,3.605,2.47,0.89,1.56,5.474,4.077,9.434,16.061,2.142,3.35,2.582,2.09,2.251,1.07,2.481,0.107,0.111,3.077,0.13,3.406,2.506,5.453,7.641,0.671,0.981,0.563,1.944,1.377,0.277,0.526,1.56,0.144,0.199,7.22,8.858,2.197,3.82,1.003,2.317,0.623,1.178,0.627,3.426,4.936,3.478,3.203,3.621,1.718,0.588,0.532,8.831,2.354,2.531,3.025
"2012-02",2.497,1.882,1.063,3.29,2.05,3.865,1.343,0.558,1.155,7.378,5.917,6.777,9.738,1.932,3.891,2.51,3.795,1.395,1.334,1.981,0.163,0.287,3.402,0.126,3.644,3.239,5.085,9.129,0.89,1.475,0.672,1.242,1.701,0.536,2.651,1.724,0.083,0.545,5.95,6.254,2.373,5.939,0.989,2.697,0.847,1.387,0.756,2.59,5.967,3.693,2.756,5.375,1.681,0.248,0.059,6.423,3.304,2.67,2.988
"2012-03",3.002,1.804,1.488,2.597,1.784,2.395,2.459,0.857,0.441,5.955,6.614,9.011,9.821,1.479,2.932,2.5,1.959,2.071,1.16,1.659,0.126,0.919,5.187,1.171,3.338,0.979,2.603,1.466,0.618,0.325,0.649,1.651,2.542,0.768,2.71,2.726,0.54,0.646,6.538,4.773,1.511,1.007,1.39,3.853,1.019,1.699,0.826,2.35,5.617,3.825,2.152,5.899,2.117,0.058,0.044,4.441,3.39,2.909,2.905
"2012-04",1.42,1.339,1.341,3.726,2.906,3.671,1.859,1.161,0.983,7.744,8.604,6.484,4.076,1.832,1.784,2.608,1.691,2.214,1.439,1.458,0.268,2.151,5.722,2.201,2.194,0.681,1.879,2.338,0.731,1.292,1.13,1.825,2.66,0.888,1.993,2.938,1.106,0.618,6.673,5.183,1.508,1.455,2.08,3.734,1.278,1.748,0.932,2.253,6.303,3.663,1.968,7.114,2.534,0.134,0.141,5.012,2.683,3.04,2.982
"2012-05",1.661,2.008,1.166,2.055,2.283,3.691,1.774,4.592,1.608,6.08,7.363,3.463,1.166,1.691,0.772,3.194,1.668,3.1,1.577,1.501,0.337,3.753,5.77,4.011,4.076,0.349,0.828,1.303,1.111,1.576,1.65,1.794,2.516,1.601,2.813,3.747,0.564,0.655,5.853,1.03,0.351,0.295,1.789,2.618,0.98,1.633,0.555,3.021,6.289,3.45,1.695,7.097,2.202,0.451,0.615,8.578,1.744,3.266,2.974
"2012-06",1.083,2.137,2.076,2.793,5.033,3.576,2.722,6.844,3.559,5.129,7.044,0.835,0.192,4.594,1.428,2.954,2.244,3.318,2.658,0.818,0.417,6.06,4.239,3.755,1.863,0.572,1.084,0.885,1.16,2.134,2.696,2.1,1.231,1.077,3.396,5.842,0.357,1.755,7.47,0.4,0.323,1.378,1.878,3.627,0.888,1.221,0.778,3.869,4.468,3.273,1.491,7.79,1.698,2.819,6.268,7.273,1.467,3.077,3.05
"2012-07",1.803,2.611,2.311,1.805,4.557,4.561,2.819,10.706,2.909,5.581,6.215,0.33,0.25,3.89,1.547,2.935,2.637,2.689,3.327,0.341,0.18,7.56,2.91,2.366,0.737,0.378,1.238,1.162,1.691,1.884,2.501,2.752,0.485,1.172,5.348,6.632,0.026,5.779,8.606,0.359,0.613,1.214,2.133,3.38,0.738,1.659,0.945,4.083,3.883,3.086,1.891,3.898,2.402,5.6,7.063,6.149,1.259,3.032,3.089
"2012-08",1.648,2.855,2.22,1.568,3.107,3.992,3.174,7.75,3.652,4.8,4.278,0.363,0.477,3.437,1.775,2.625,2.556,2.968,2.323,0.298,0.133,6.22,2.877,2.077,0.734,0.47,0.51,0.411,1.809,1.638,2.698,2.796,0.143,0.883,4.653,6.127,0.016,5.815,7.168,0.189,0.134,0.617,2.616,3.191,0.772,0.959,1.259,5.902,4.781,2.581,3.2,1.807,1.997,2.968,8.039,2.465,0.976,2.945,3.021
"2012-09",2.719,2.851,2.512,1.449,3.912,4.259,3.947,6.859,3.709,5.973,3.342,0.184,2.113,3.487,3.4,2.43,2.943,1.34,1.988,0.899,0.153,5.255,4.32,2.132,1.217,0.627,0.537,0.84,2.052,1.735,1.477,3.227,0.202,0.569,2.557,3.429,0.072,3.908,5.414,0.162,0.178,0.311,1.19,2.726,0.735,1.444,1.183,6.01,5.446,2.599,3.482,1.623,1.888,1.537,7.109,3.358,0.756,2.751,2.953
"2012-10",2.53,3.565,2.333,1.968,2.067,3.717,3.362,8.228,4.796,9.54,5.698,1.212,4.941,1.664,3.318,2.007,3.779,1.685,2.531,1.461,0.111,4.216,6.744,6.058,5.907,1.214,1.559,2.398,1.502,2.381,1.745,2.309,1.803,0.39,1.278,1.115,0.914,1.343,3.743,0.158,0.259,0.578,1.289,2.631,0.71,1.047,1.047,5.819,4.168,2.345,3.8,1.944,2.086,4.194,2.78,4.053,1.468,2.598,2.949
"2012-11",1.64,2.433,1.739,3.197,1.196,3.408,2.833,3.619,1.846,7.831,4.631,1.561,9.086,1.615,3.475,2.553,3.883,3.08,2.077,2.182,0.058,2.59,6.645,5.272,7.869,1.749,4.015,2.719,1.24,1.383,0.879,2.022,2.258,0.277,1.235,1.302,1.044,1.37,5.857,0.301,0.227,1.208,1.5,2.935,0.696,1.061,1.111,4.287,6.3,2.618,3.786,2.881,2.022,4.497,8.191,4.184,1.159,2.375,2.967
"2012-12",1.929,2.263,1.106,3.784,1.542,4.111,1.298,2.008,2.568,6.568,4.09,3.411,11.075,2.119,5.518,2.658,3.04,3.628,1.653,2.448,0.034,0.282,4.646,3.237,12.317,2.834,5.005,3.567,1.079,0.773,0.513,1.78,2.422,0.415,0.554,1.638,0.585,0.727,5.74,1.027,0.689,1.148,1.079,2.176,0.544,0.942,0.979,3.433,8.817,2.668,3.226,3.545,1.841,3.82,2.191,6.712,1.178,2.361,3.015
"2013-01",2.207,1.674,1.28,4.464,1.856,4.272,3.273,0.831,1.121,4.711,4.082,7.087,13.157,1.588,4.002,2.193,3.052,2.708,2.234,2.148,0.068,0.058,3.275,1.265,10.206,4.735,7.643,6.492,0.66,1.371,0.482,1.752,1.827,0.401,1.085,1.898,0.727,0.65,6.445,5.88,1.963,2.3,0.994,2.969,0.674,1.118,0.682,2.679,7.699,3.079,2.891,4.042,1.499,0.595,1.385,6.568,2.338,2.334,3.017
"2013-02",2.368,1.894,0.788,3.358,2.346,4.183,3.555,0.711,1.637,5.971,4.989,9.249,11.145,1.683,4.138,2.639,2.954,2.765,1.502,1.758,0.03,0.105,3.125,0.989,5.644,3.783,6.419,7.67,0.685,1.314,0.839,1.525,2.645,0.428,2.092,1.795,0.373,1.785,5.176,10.159,3.655,4.24,0.964,2.848,0.843,1.667,0.728,2.354,7.008,3.437,3.035,3.329,1.725,0.653,0.216,5.251,3.273,2.622,3.048
"2013-03",2.073,1.827,1.266,2.491,2.594,3.449,1.027,0.333,0.649,7.451,5.536,6.733,9.752,0.956,4.371,2.002,2.367,2.194,1.898,1.876,0.11,0.625,4.542,0.722,4.184,2.789,3.508,6.628,0.63,0.876,0.557,1.431,2.144,0.894,2.051,2.133,0.278,0.507,5.84,3.792,0.451,2.467,1.113,3.079,0.903,1.882,0.726,2.075,7.185,3.747,2.724,4.526,2.196,0.146,0.076,4.846,4.147,2.859,2.961
"2013-04",1.786,1.937,1.199,2.262,3.952,3.968,0.894,0.415,0.749,6.423,6.257,6.035,5.51,2.998,2.395,2.868,1.832,2.796,2.221,1.069,0.193,1.773,5.838,1.389,4.564,1.314,2.898,3.356,0.605,2.191,1.369,1.546,2.062,1.148,2.886,2.548,0.37,0.472,5.692,4.269,0.264,1.756,1.887,3.499,1.151,1.914,0.85,1.799,7.893,3.657,2.008,6.827,2.188,0.119,0.084,5.462,2.601,3.068,2.964
"2013-05",1.871,1.597,1.874,3.129,3.538,3.533,1.005,2.386,2.531,6.95,8.27,1.895,1.103,2.994,1.653,3.037,2.186,2.08,1.803,1.239,0.38,2.498,5.807,4.628,7.554,0.382,0.688,1.339,1.237,2.384,1.369,1.817,2.024,1.304,3.402,3.711,0.529,1.192,7.397,0.951,0.093,0.662,1.037,3.625,0.861,1.755,0.678,2.095,7.241,3.26,1.63,7.523,2.53,0.088,0.288,8.253,1.596,3.346,3.01
"2013-06",1.291,2.077,2.248,2.75,2.744,3.707,2.558,8.896,4.792,7.203,7.725,0.373,0.415,4.24,1.394,3.288,1.655,3.691,3.333,1.056,0.36,5.677,3.78,3.54,2.435,0.917,0.533,0.626,1.401,2.445,2.919,2.123,1.544,1.216,4.491,4.768,0.225,1.254,7.059,0.536,0.447,2.652,1.335,3.374,0.607,1.608,0.697,3.2,5.583,3.023,1.325,6.955,2.517,2.503,7.813,10.626,1.458,3.218,3.107
"2013-07",1.643,2.734,2.561,1.939,3.189,3.685,3.251,9.712,3.617,3.441,5.976,0.485,0.134,2.505,0.796,2.809,2.315,2.628,1.793,1.221,0.271,6.997,2.724,2.819,1.211,0.669,1.177,0.729,1.704,2.821,3.105,2.115,0.564,1.198,5.223,5.982,0.044,5.749,7.528,0.158,0.168,0.451,1.823,3.693,0.984,1.135,1.183,4.523,4.268,2.977,2.544,3.886,2.153,5.879,5.771,5.222,1.126,3.219,3.076
"2013-08",1.74,3.148,2.491,1.486,2.083,4.208,2.77,7.409,3.319,5.161,4.891,0.185,0.393,1.566,2.045,1.94,2.791,3.255,2.227,0.478,0.195,6.519,4.443,3.149,1.384,0.468,0.748,0.346,1.688,1.871,2.93,3.177,0.337,1.426,4.915,4.571,0.172,8.309,6.986,0.17,0.208,0.852,2.95,3.725,0.803,1.632,1.342,5.29,3.812,2.746,2.6,1.661,2.389,5.511,9.408,4.808,0.984,3.106,3.044
"2013-09",2.157,3.369,2.097,1.974,2.193,3.458,4.707,8.102,3.743,6.41,4.929,0.248,1.106,1.805,1.416,2.451,2.775,2.851,1.86,0.738,0.113,4.841,5.117,1.82,1.654,0.225,0.728,0.624,1.838,0.695,2.072,3.244,0.335,0.623,3.86,3.185,0.018,5.732,6.747,0.125,0.054,0.649,1.642,3.616,0.631,1.461,1.617,6.236,3.39,2.408,3.51,1.802,2.033,2.868,12.081,3.852,0.821,2.837,2.954
"2013-10",2.23,2.784,2.249,1.65,2.439,2.687,2.309,7.7,4.847,8.659,4.568,0.124,3.961,1.595,2.614,2.161,3.486,1.541,2.111,1.207,0.072,3.266,5.188,4.463,5.533,0.648,0.965,1.285,1.522,2.474,1.772,2.61,0.977,0.383,0.799,2.11,0.492,1.482,6.334,0.303,0.325,1.064,0.83,2.813,0.76,0.703,1.133,5.599,3.441,2.541,4.03,2.454,2.08,3.086,5.474,6.362,0.882,2.601,2.9
"2013-11",2.759,2.311,1.698,3.583,1.824,3.89,3.494,4.699,2.222,8.253,7.021,2.088,8.746,1.486,3.925,2.075,3.172,2.009,1.736,2.05,0.064,1.643,6.098,4.346,9.515,2.133,3.269,1.937,1.432,1.228,0.727,1.806,1.951,0.734,1.848,1.875,0.175,0.301,5.878,0.698,0.459,1.526,1.121,2.834,0.739,0.8,1.138,5.101,3.182,2.568,3.474,3.703,1.536,1.457,2.741,8.434,1.005,2.385,2.904
"2013-12",2.238,2.517,1.508,3.977,1.848,4.167,1.576,2.282,1.477,7.431,7.163,6.61,10.521,1.14,3.668,2.249,3.169,2.195,1.797,1.847,0.057,0.112,3.94,0.813,9.54,3.066,5.95,5.896,0.695,1.527,0.506,1.891,1.634,0.413,1.127,2.551,0.161,0.397,7.874,3.055,1.483,4.646,1.265,2.455,0.602,1.24,0.696,4.617,4.018,2.856,2.947,4.279,1.942,1.885,2.872,8.878,1.672,2.353,3.053
"2014-01",2.142,2.052,1.249,4.107,1.505,2.517,1.892,1.038,0.89,6.75,5.881,7.229,12.943,1.282,4.155,2.516,3.949,2.362,1.159,1.889,0.022,0.04,3.398,0.451,7.427,2.705,7.364,6.905,1.146,0.731,0.51,1.304,0.884,0.163,1.141,2.083,0.078,0.676,7.39,5.52,1.505,5.591,1.313,3.559,0.555,0.895,1.069,3.669,4.485,3.337,2.655,3.559,1.823,0.4,0.628,11.156,1.37,2.465,2.997
"2014-02",1.982,1.639,1.093,4.731,2.72,3.449,1.878,0.667,0.727,5.717,4.53,9.322,13.411,1.955,4.169,2.721,3.192,2.468,2.063,1.334,0.011,0.121,3.11,0.321,6.372,4.06,7.114,9.4,0.731,1.953,0.744,1.46,1.404,0.509,1.724,1.797,0.026,0.316,7.359,5.319,0.289,2.636,0.853,2.672,0.931,1.167,0.985,2.643,4.375,4.166,2.552,4.019,1.437,0.101,0.152,10.197,2.478,2.59,2.998
"2014-03",1.85,1.604,0.805,2.547,3,4.092,1.647,0.819,0.79,6.572,5.48,8.714,11.209,3.043,3.723,3.045,2.32,2.157,1.852,1.73,0.021,0.938,4.444,0.95,3.966,1.131,2.853,6.586,0.958,1.487,0.825,1.037,1.425,0.618,1.208,1.988,0.023,0.317,6.965,5.343,1.021,2.801,1.57,2.554,1.122,1.35,0.798,2.518,4.254,4.051,2.483,4.779,2.03,0.09,0.21,6.333,3.624,2.836,2.918
"2014-04",1.861,1.959,1.382,2.331,2.238,4.183,1.324,0.842,0.663,6.212,7.153,5.776,5.85,1.878,2.729,2.682,1.892,3.026,1.582,1.258,0.092,1.227,4.745,2.128,5.67,0.907,2.187,3.088,0.923,1.696,1.237,1.7,1.583,0.894,1.914,2.697,0.505,0.481,7.477,2.912,0.386,3.043,1.071,3.323,0.904,2.211,0.783,2.855,3.7,4.016,1.761,7.911,2.332,0.009,0.448,6.247,2.946,3.188,2.934
"2014-05",1.422,1.403,1.861,2.643,3.405,3.263,2.482,2.361,0.928,6.878,7.712,2.871,1.445,3.746,1.943,2.604,1.812,3.189,2.935,1.167,0.142,3.469,4.579,2.893,3.175,0.378,1.02,1.352,1.529,2.308,1.893,2.661,1.277,1.022,3.33,3.803,0.3,1.985,7.268,1.654,0.076,0.737,1.472,2.762,0.843,1.739,0.504,3.414,2.877,3.826,1.382,8.867,2.178,0.758,4.536,6.853,3.186,3.218,2.954
"2014-06",1.129,2.323,2.267,1.889,4.149,3.925,3.65,6.409,1.1,5.391,8.514,0.857,0.437,1.914,0.924,3.661,1.922,3.469,2.492,0.615,0.258,5.356,2.424,2.23,1.195,0.276,0.742,0.821,1.834,1.99,2.74,2.056,0.664,0.879,4.013,5.964,0.013,3.581,7.444,1.1,0.828,3.68,2.406,3.754,0.829,1.685,1.016,4.444,2.887,3.186,1.413,6.441,2.496,4.601,1.489,6.623,1.711,3.232,3.003
"2014-07",1.78,2.763,2.317,1.041,2.358,3.981,2.311,7.621,2.642,4.068,6.892,0.864,0.425,2.485,1.022,2.92,1.707,2.899,2.547,0.397,0.207,5.591,2.059,2.894,1.086,0.382,0.708,0.827,1.838,2.003,3.778,3.332,0.276,0.943,6.333,4.067,0.061,6.691,7.611,0.373,1.515,2.953,1.947,3.77,0.543,1.357,1.218,5.56,2.643,2.887,1.942,2.679,2.172,2.608,6.993,9.258,0.979,3.219,3.033
"2014-08",2.175,2.972,2.29,1.592,2.541,4.206,3.932,7.272,2.757,4.598,5.659,0.443,0.628,1.709,0.975,2.535,2.672,1.993,1.704,0.263,0.129,6.676,3.786,2.732,0.857,0.513,1.163,1.33,2.272,1.833,2.595,3.898,0.293,0.878,4.831,5.805,0.127,6.281,7.774,0.072,0.224,1.764,1.832,3.005,0.671,1.629,1.646,5.265,2.625,3.073,2.873,1.542,2.096,1.7,8.713,7.992,0.921,2.931,3.024
"2014-09",2.382,2.78,2.926,2.756,1.622,3.139,2.899,7.153,3.217,6.133,4.865,0.352,1.802,1.063,2.481,1.683,2.967,1.705,1.641,0.557,0.073,4.113,4.083,1.752,1.092,0.153,0.472,0.995,1.581,1.843,1.708,2.88,0.22,1.059,2.289,4.44,0.033,4.905,7.909,0.196,0.475,3.633,2.024,3.802,0.885,1.559,1.447,6.165,2.456,2.565,3.302,2.05,1.636,1.439,6.941,5.451,0.95,2.54,2.889
"2014-10",1.995,3.347,2.124,2.17,1.73,4.357,3.529,6.346,5.313,7.048,5.177,1.188,9.129,1.936,4.075,2.433,4.116,2.27,1.381,1.507,0.048,2.206,4.451,1.753,2.411,0.89,1.562,1.474,1.753,1.421,1.685,2.791,0.707,0.293,0.886,2.449,0.069,2.79,7.802,0.443,0.559,1.058,1.552,3.765,0.861,1.165,1.363,5.507,2.716,2.417,3.618,2.155,1.97,1.033,5.915,7.788,0.81,2.558,2.943
"2014-11",1.776,2.353,1.687,3.844,1.616,4.065,3.293,4.544,2.413,8.898,8.312,1.855,9.098,1.657,4.164,2.599,4.163,1.803,1.399,1.552,0.076,1.086,4.349,1.729,6.324,1.404,1.808,1.177,1.458,1.146,0.808,1.894,1.527,0.324,0.648,1.989,0.606,0.445,6.955,0.875,1.096,2.97,1.124,3.015,0.619,1.264,1.242,5.336,3.931,2.422,3.124,3.824,1.857,2.419,2.518,9.927,0.995,2.385,2.967
"2014-12",2.616,2.541,1.602,3.282,0.828,3.419,0.559,1.775,1.776,6.838,5.987,5.68,11.271,2.24,4.037,2.954,3.098,2.328,1.758,2.199,0.08,0.255,4.374,0.362,5.76,3.314,4.273,3.337,0.934,1.455,0.627,1.588,0.968,0.458,1.45,1.714,0.219,0.476,8.731,1.841,0.655,2.591,1.376,2.438,0.719,0.946,1.032,3.886,5.797,2.799,2.911,4.34,1.467,1.463,2.041,10.655,1.177,2.437,3.004
